timestamp,accel_x,accel_y,accel_z,gyro_x,gyro_y,gyro_z,sensor_type,activity_type,activity_code,subject_id,notes,recording_id
1632909175625,-0.23071289,-0.9873657,0.2177124,2.703125,1.984375,-1.375,Respeck,Sitting,0,s1893835,Good data (sargem),Respeck_s1893835_Sitting_29-09-2021_10-53-30
1632909175670,-0.21459961,-0.972229,0.16790771,1.6875,4.609375,-1.40625,Respeck,Sitting,0,s1893835,Good data (sargem),Respeck_s1893835_Sitting_29-09-2021_10-53-30
1632909175700,-0.2199707,-0.973938,0.21502686,1.828125,3.171875,-0.53125,Respeck,Sitting,0,s1893835,Good data (sargem),Respeck_s1893835_Sitting_29-09-2021_10-53-30
1632909175745,-0.18579102,-0.96881104,0.19207764,2.921875,1.65625,-1.609375,Respeck,Sitting,0,s1893835,Good data (sargem),Respeck_s1893835_Sitting_29-09-2021_10-53-30
1632909175775,-0.20288086,-0.95196533,0.20477295,3.515625,1.546875,-1.375,Respeck,Sitting,0,s1893835,Good data (sargem),Respeck_s1893835_Sitting_29-09-2021_10-53-30
1632909175820,-0.20996094,-0.9668579,0.18914795,2.5625,0.296875,-1.90625,Respeck,Sitting,0,s1893835,Good data (sargem),Respeck_s1893835_Sitting_29-09-2021_10-53-30
1632909175865,-0.22485352,-0.9656372,0.18035889,4.828125,-1.40625,-0.65625,Respeck,Sitting,0,s1893835,Good data (sargem),Respeck_s1893835_Sitting_29-09-2021_10-53-30
1632909175895,-0.22949219,-0.9536743,0.18475342,6.765625,2.09375,0.34375,Respeck,Sitting,0,s1893835,Good data (sargem),Respeck_s1893835_Sitting_29-09-2021_10-53-30
1632909175940,-0.23046875,-0.9649048,0.1618042,2.671875,1.625,0.84375,Respeck,Sitting,0,s1893835,Good data (sargem),Respeck_s1893835_Sitting_29-09-2021_10-53-30
1632909175986,-0.23339844,-0.98443604,0.22161865,4.6875,1.796875,0.5,Respeck,Sitting,0,s1893835,Good data (sargem),Respeck_s1893835_Sitting_29-09-2021_10-53-30
1632909176015,-0.20996094,-0.97735596,0.16229248,2.0,3.375,0.796875,Respeck,Sitting,0,s1893835,Good data (sargem),Respeck_s1893835_Sitting_29-09-2021_10-53-30
1632909176061,-0.24682617,-0.9483032,0.17938232,5.40625,3.25,4.875,Respeck,Sitting,0,s1893835,Good data (sargem),Respeck_s1893835_Sitting_29-09-2021_10-53-30
1632909176105,-0.22802734,-0.9727173,0.17279053,4.078125,9.46875,5.078125,Respeck,Sitting,0,s1893835,Good data (sargem),Respeck_s1893835_Sitting_29-09-2021_10-53-30
1632909176135,-0.21655273,-0.94366455,0.18328857,7.6875,6.625,6.53125,Respeck,Sitting,0,s1893835,Good data (sargem),Respeck_s1893835_Sitting_29-09-2021_10-53-30
1632909176181,-0.16992188,-1.0266724,0.1630249,4.65625,8.125,-1.0625,Respeck,Sitting,0,s1893835,Good data (sargem),Respeck_s1893835_Sitting_29-09-2021_10-53-30
1632909176214,-0.14282227,-0.97540283,0.13519287,8.28125,-4.46875,0.609375,Respeck,Sitting,0,s1893835,Good data (sargem),Respeck_s1893835_Sitting_29-09-2021_10-53-30
1632909176258,-0.16748047,-0.99420166,0.15130615,4.453125,-1.390625,-3.453125,Respeck,Sitting,0,s1893835,Good data (sargem),Respeck_s1893835_Sitting_29-09-2021_10-53-30
1632909176303,-0.15625,-1.0027466,0.11004639,0.078125,-8.765625,-5.8125,Respeck,Sitting,0,s1893835,Good data (sargem),Respeck_s1893835_Sitting_29-09-2021_10-53-30
1632909176332,-0.18432617,-1.015686,0.137146,1.25,-11.65625,-4.046875,Respeck,Sitting,0,s1893835,Good data (sargem),Respeck_s1893835_Sitting_29-09-2021_10-53-30
1632909176376,-0.23339844,-0.9480591,0.10614014,1.09375,-10.46875,-1.296875,Respeck,Sitting,0,s1893835,Good data (sargem),Respeck_s1893835_Sitting_29-09-2021_10-53-30
1632909176438,-0.21264648,-0.97491455,0.098083496,1.765625,-9.8125,-5.84375,Respeck,Sitting,0,s1893835,Good data (sargem),Respeck_s1893835_Sitting_29-09-2021_10-53-30
1632909176452,-0.26049805,-0.9849243,0.08758545,-1.234375,-8.25,-3.046875,Respeck,Sitting,0,s1893835,Good data (sargem),Respeck_s1893835_Sitting_29-09-2021_10-53-30
1632909176513,-0.25268555,-0.9492798,0.1305542,1.6875,-1.09375,-1.96875,Respeck,Sitting,0,s1893835,Good data (sargem),Respeck_s1893835_Sitting_29-09-2021_10-53-30
1632909176542,-0.2578125,-0.9812622,0.11151123,-2.71875,-1.5625,-1.59375,Respeck,Sitting,0,s1893835,Good data (sargem),Respeck_s1893835_Sitting_29-09-2021_10-53-30
1632909176588,-0.26831055,-0.9356079,0.13128662,5.125,-3.203125,-2.453125,Respeck,Sitting,0,s1893835,Good data (sargem),Respeck_s1893835_Sitting_29-09-2021_10-53-30
1632909176618,-0.2163086,-1.022522,0.1395874,3.75,-2.390625,-2.421875,Respeck,Sitting,0,s1893835,Good data (sargem),Respeck_s1893835_Sitting_29-09-2021_10-53-30
1632909176663,-0.23828125,-0.9788208,0.11199951,-0.84375,-10.921875,-3.25,Respeck,Sitting,0,s1893835,Good data (sargem),Respeck_s1893835_Sitting_29-09-2021_10-53-30
1632909176692,-0.30688477,-0.94781494,0.12786865,-0.0625,-7.625,-0.234375,Respeck,Sitting,0,s1893835,Good data (sargem),Respeck_s1893835_Sitting_29-09-2021_10-53-30
1632909176737,-0.33862305,-0.9446411,0.10467529,1.203125,-4.375,2.75,Respeck,Sitting,0,s1893835,Good data (sargem),Respeck_s1893835_Sitting_29-09-2021_10-53-30
1632909176782,-0.32714844,-0.9734497,0.109069824,4.78125,4.890625,6.171875,Respeck,Sitting,0,s1893835,Good data (sargem),Respeck_s1893835_Sitting_29-09-2021_10-53-30
1632909176812,-0.2631836,-0.9277954,0.09295654,5.46875,14.203125,11.9375,Respeck,Sitting,0,s1893835,Good data (sargem),Respeck_s1893835_Sitting_29-09-2021_10-53-30
1632909176857,-0.22338867,-1.022522,0.10760498,0.734375,10.59375,-0.203125,Respeck,Sitting,0,s1893835,Good data (sargem),Respeck_s1893835_Sitting_29-09-2021_10-53-30
1632909176889,-0.13208008,-0.9585571,0.08465576,3.140625,7.296875,1.21875,Respeck,Sitting,0,s1893835,Good data (sargem),Respeck_s1893835_Sitting_29-09-2021_10-53-30
1632909176931,-0.21142578,-0.9685669,0.13372803,2.96875,0.734375,2.046875,Respeck,Sitting,0,s1893835,Good data (sargem),Respeck_s1893835_Sitting_29-09-2021_10-53-30
1632909176979,-0.20898438,-0.9837036,0.11810303,-1.453125,1.234375,0.75,Respeck,Sitting,0,s1893835,Good data (sargem),Respeck_s1893835_Sitting_29-09-2021_10-53-30
1632909177008,-0.22631836,-0.9961548,0.117614746,-0.6875,0.90625,1.6875,Respeck,Sitting,0,s1893835,Good data (sargem),Respeck_s1893835_Sitting_29-09-2021_10-53-30
1632909177053,-0.24487305,-0.9685669,0.13763428,-1.625,0.328125,1.484375,Respeck,Sitting,0,s1893835,Good data (sargem),Respeck_s1893835_Sitting_29-09-2021_10-53-30
1632909177127,-0.24633789,-0.9714966,0.12884521,-0.0625,1.15625,0.609375,Respeck,Sitting,0,s1893835,Good data (sargem),Respeck_s1893835_Sitting_29-09-2021_10-53-30
1632909177131,-0.22216797,-0.97125244,0.12371826,0.28125,0.40625,0.125,Respeck,Sitting,0,s1893835,Good data (sargem),Respeck_s1893835_Sitting_29-09-2021_10-53-30
1632909177171,-0.23095703,-0.9585571,0.124694824,1.015625,0.3125,-0.75,Respeck,Sitting,0,s1893835,Good data (sargem),Respeck_s1893835_Sitting_29-09-2021_10-53-30
1632909177203,-0.22827148,-0.9783325,0.121520996,2.0625,0.734375,-0.265625,Respeck,Sitting,0,s1893835,Good data (sargem),Respeck_s1893835_Sitting_29-09-2021_10-53-30
1632909177247,-0.2253418,-0.9776001,0.12542725,2.46875,0.4375,0.46875,Respeck,Sitting,0,s1893835,Good data (sargem),Respeck_s1893835_Sitting_29-09-2021_10-53-30
1632909177292,-0.22998047,-0.9776001,0.11956787,1.34375,1.0,1.53125,Respeck,Sitting,0,s1893835,Good data (sargem),Respeck_s1893835_Sitting_29-09-2021_10-53-30
1632909177323,-0.2163086,-0.9771118,0.11199951,1.3125,1.40625,2.515625,Respeck,Sitting,0,s1893835,Good data (sargem),Respeck_s1893835_Sitting_29-09-2021_10-53-30
1632909177367,-0.2133789,-0.9771118,0.12225342,0.921875,-0.75,1.421875,Respeck,Sitting,0,s1893835,Good data (sargem),Respeck_s1893835_Sitting_29-09-2021_10-53-30
1632909177412,-0.22290039,-0.96881104,0.13641357,0.75,-3.015625,-0.515625,Respeck,Sitting,0,s1893835,Good data (sargem),Respeck_s1893835_Sitting_29-09-2021_10-53-30
1632909177456,-0.24609375,-0.96466064,0.12908936,0.40625,-2.515625,-2.859375,Respeck,Sitting,0,s1893835,Good data (sargem),Respeck_s1893835_Sitting_29-09-2021_10-53-30
1632909177489,-0.2548828,-0.98687744,0.16522217,2.015625,-1.90625,-0.609375,Respeck,Sitting,0,s1893835,Good data (sargem),Respeck_s1893835_Sitting_29-09-2021_10-53-30
1632909177531,-0.22509766,-0.9590454,0.09832764,-0.015625,3.28125,0.203125,Respeck,Sitting,0,s1893835,Good data (sargem),Respeck_s1893835_Sitting_29-09-2021_10-53-30
1632909177563,-0.22949219,-0.9807739,0.13421631,1.609375,2.375,1.5625,Respeck,Sitting,0,s1893835,Good data (sargem),Respeck_s1893835_Sitting_29-09-2021_10-53-30
1632909177607,-0.21191406,-0.9771118,0.12347412,1.140625,0.921875,1.78125,Respeck,Sitting,0,s1893835,Good data (sargem),Respeck_s1893835_Sitting_29-09-2021_10-53-30
1632909177638,-0.22607422,-0.96710205,0.11663818,0.9375,-0.890625,0.421875,Respeck,Sitting,0,s1893835,Good data (sargem),Respeck_s1893835_Sitting_29-09-2021_10-53-30
1632909177682,-0.23852539,-0.97979736,0.12005615,1.140625,-1.734375,-0.578125,Respeck,Sitting,0,s1893835,Good data (sargem),Respeck_s1893835_Sitting_29-09-2021_10-53-30
1632909177727,-0.23803711,-0.96661377,0.121520996,2.046875,-1.75,-0.21875,Respeck,Sitting,0,s1893835,Good data (sargem),Respeck_s1893835_Sitting_29-09-2021_10-53-30
1632909177772,-0.22241211,-0.9714966,0.109558105,0.8125,0.5625,0.109375,Respeck,Sitting,0,s1893835,Good data (sargem),Respeck_s1893835_Sitting_29-09-2021_10-53-30
1632909177800,-0.22949219,-0.9685669,0.120788574,0.578125,0.796875,1.28125,Respeck,Sitting,0,s1893835,Good data (sargem),Respeck_s1893835_Sitting_29-09-2021_10-53-30
1632909177847,-0.20288086,-0.9717407,0.09832764,0.8125,-2.625,0.890625,Respeck,Sitting,0,s1893835,Good data (sargem),Respeck_s1893835_Sitting_29-09-2021_10-53-30
1632909177876,-0.23828125,-0.97784424,0.1239624,1.03125,-3.984375,0.90625,Respeck,Sitting,0,s1893835,Good data (sargem),Respeck_s1893835_Sitting_29-09-2021_10-53-30
1632909177923,-0.2590332,-0.9702759,0.1149292,0.34375,-1.59375,0.65625,Respeck,Sitting,0,s1893835,Good data (sargem),Respeck_s1893835_Sitting_29-09-2021_10-53-30
1632909177967,-0.23364258,-0.9710083,0.1149292,1.484375,-0.09375,1.3125,Respeck,Sitting,0,s1893835,Good data (sargem),Respeck_s1893835_Sitting_29-09-2021_10-53-30
1632909177997,-0.22827148,-0.9768677,0.12445068,1.578125,0.484375,1.8125,Respeck,Sitting,0,s1893835,Good data (sargem),Respeck_s1893835_Sitting_29-09-2021_10-53-30
1632909178042,-0.22753906,-0.9595337,0.11883545,1.78125,0.5625,1.359375,Respeck,Sitting,0,s1893835,Good data (sargem),Respeck_s1893835_Sitting_29-09-2021_10-53-30
1632909178086,-0.21801758,-0.975647,0.11663818,2.453125,0.5625,2.0625,Respeck,Sitting,0,s1893835,Good data (sargem),Respeck_s1893835_Sitting_29-09-2021_10-53-30
1632909178117,-0.22607422,-0.97247314,0.101257324,0.0,1.390625,0.09375,Respeck,Sitting,0,s1893835,Good data (sargem),Respeck_s1893835_Sitting_29-09-2021_10-53-30
1632909178163,-0.23217773,-0.9985962,0.14447021,1.953125,-0.875,2.21875,Respeck,Sitting,0,s1893835,Good data (sargem),Respeck_s1893835_Sitting_29-09-2021_10-53-30
1632909178192,-0.21459961,-0.97369385,0.085876465,-1.546875,0.875,0.734375,Respeck,Sitting,0,s1893835,Good data (sargem),Respeck_s1893835_Sitting_29-09-2021_10-53-30
1632909178235,-0.23071289,-0.9763794,0.12567139,0.65625,-1.734375,0.859375,Respeck,Sitting,0,s1893835,Good data (sargem),Respeck_s1893835_Sitting_29-09-2021_10-53-30
1632909178283,-0.22680664,-0.9639282,0.12225342,1.625,0.140625,0.890625,Respeck,Sitting,0,s1893835,Good data (sargem),Respeck_s1893835_Sitting_29-09-2021_10-53-30
1632909178312,-0.20776367,-0.9812622,0.09832764,0.9375,-0.359375,-0.484375,Respeck,Sitting,0,s1893835,Good data (sargem),Respeck_s1893835_Sitting_29-09-2021_10-53-30
1632909178358,-0.22949219,-0.96588135,0.11810303,1.578125,-0.671875,-0.671875,Respeck,Sitting,0,s1893835,Good data (sargem),Respeck_s1893835_Sitting_29-09-2021_10-53-30
1632909178403,-0.22143555,-0.9768677,0.11175537,2.046875,-0.046875,0.171875,Respeck,Sitting,0,s1893835,Good data (sargem),Respeck_s1893835_Sitting_29-09-2021_10-53-30
1632909178433,-0.21875,-0.9793091,0.10223389,1.078125,0.90625,0.734375,Respeck,Sitting,0,s1893835,Good data (sargem),Respeck_s1893835_Sitting_29-09-2021_10-53-30
1632909178477,-0.23803711,-0.9729614,0.12713623,1.1875,1.4375,2.421875,Respeck,Sitting,0,s1893835,Good data (sargem),Respeck_s1893835_Sitting_29-09-2021_10-53-30
1632909178523,-0.23046875,-0.973938,0.116882324,1.921875,2.21875,1.0625,Respeck,Sitting,0,s1893835,Good data (sargem),Respeck_s1893835_Sitting_29-09-2021_10-53-30
1632909178552,-0.21899414,-0.98443604,0.101501465,0.734375,2.171875,3.140625,Respeck,Sitting,0,s1893835,Good data (sargem),Respeck_s1893835_Sitting_29-09-2021_10-53-30
1632909178598,-0.1965332,-0.9673462,0.10003662,1.125,1.390625,2.453125,Respeck,Sitting,0,s1893835,Good data (sargem),Respeck_s1893835_Sitting_29-09-2021_10-53-30
1632909178628,-0.20727539,-0.9849243,0.098083496,1.3125,-0.703125,1.671875,Respeck,Sitting,0,s1893835,Good data (sargem),Respeck_s1893835_Sitting_29-09-2021_10-53-30
1632909178672,-0.21875,-0.975647,0.10736084,1.734375,-1.515625,2.265625,Respeck,Sitting,0,s1893835,Good data (sargem),Respeck_s1893835_Sitting_29-09-2021_10-53-30
1632909178718,-0.2253418,-0.9819946,0.10296631,0.515625,0.375,2.84375,Respeck,Sitting,0,s1893835,Good data (sargem),Respeck_s1893835_Sitting_29-09-2021_10-53-30
1632909178747,-0.2006836,-0.9812622,0.112976074,0.8125,-0.390625,1.125,Respeck,Sitting,0,s1893835,Good data (sargem),Respeck_s1893835_Sitting_29-09-2021_10-53-30
1632909178792,-0.20703125,-0.9771118,0.105407715,-0.109375,-0.5,1.265625,Respeck,Sitting,0,s1893835,Good data (sargem),Respeck_s1893835_Sitting_29-09-2021_10-53-30
1632909178837,-0.20629883,-0.97662354,0.09832764,-2.796875,0.359375,-1.015625,Respeck,Sitting,0,s1893835,Good data (sargem),Respeck_s1893835_Sitting_29-09-2021_10-53-30
1632909178868,-0.2043457,-0.9981079,0.13665771,0.109375,-2.796875,0.796875,Respeck,Sitting,0,s1893835,Good data (sargem),Respeck_s1893835_Sitting_29-09-2021_10-53-30
1632909178913,-0.20483398,-0.9614868,0.09100342,-2.4375,0.4375,0.390625,Respeck,Sitting,0,s1893835,Good data (sargem),Respeck_s1893835_Sitting_29-09-2021_10-53-30
1632909178958,-0.22729492,-0.97784424,0.13275146,-0.234375,0.640625,0.828125,Respeck,Sitting,0,s1893835,Good data (sargem),Respeck_s1893835_Sitting_29-09-2021_10-53-30
1632909178988,-0.19750977,-0.9920044,0.13226318,0.421875,1.109375,0.828125,Respeck,Sitting,0,s1893835,Good data (sargem),Respeck_s1893835_Sitting_29-09-2021_10-53-30
1632909179032,-0.20336914,-0.9758911,0.11419678,-0.140625,1.671875,0.21875,Respeck,Sitting,0,s1893835,Good data (sargem),Respeck_s1893835_Sitting_29-09-2021_10-53-30
1632909179078,-0.21484375,-0.9849243,0.121276855,0.296875,2.15625,0.25,Respeck,Sitting,0,s1893835,Good data (sargem),Respeck_s1893835_Sitting_29-09-2021_10-53-30
1632909179106,-0.19921875,-0.973938,0.117370605,0.75,2.921875,1.046875,Respeck,Sitting,0,s1893835,Good data (sargem),Respeck_s1893835_Sitting_29-09-2021_10-53-30
1632909179151,-0.19702148,-0.97735596,0.11395264,-0.328125,2.375,0.109375,Respeck,Sitting,0,s1893835,Good data (sargem),Respeck_s1893835_Sitting_29-09-2021_10-53-30
1632909179182,-0.2121582,-0.9751587,0.1329956,0.71875,1.6875,0.40625,Respeck,Sitting,0,s1893835,Good data (sargem),Respeck_s1893835_Sitting_29-09-2021_10-53-30
1632909179227,-0.1953125,-0.9859009,0.12786865,1.328125,2.1875,-0.578125,Respeck,Sitting,0,s1893835,Good data (sargem),Respeck_s1893835_Sitting_29-09-2021_10-53-30
1632909179273,-0.21362305,-0.97906494,0.12664795,1.546875,1.53125,0.8125,Respeck,Sitting,0,s1893835,Good data (sargem),Respeck_s1893835_Sitting_29-09-2021_10-53-30
1632909179303,-0.20361328,-0.97906494,0.1161499,1.671875,1.734375,0.3125,Respeck,Sitting,0,s1893835,Good data (sargem),Respeck_s1893835_Sitting_29-09-2021_10-53-30
1632909179348,-0.20239258,-0.97662354,0.12030029,1.6875,0.578125,0.578125,Respeck,Sitting,0,s1893835,Good data (sargem),Respeck_s1893835_Sitting_29-09-2021_10-53-30
1632909179393,-0.20776367,-0.97369385,0.11273193,2.265625,-0.046875,0.46875,Respeck,Sitting,0,s1893835,Good data (sargem),Respeck_s1893835_Sitting_29-09-2021_10-53-30
1632909179422,-0.20922852,-0.9768677,0.12347412,3.3125,0.453125,0.796875,Respeck,Sitting,0,s1893835,Good data (sargem),Respeck_s1893835_Sitting_29-09-2021_10-53-30
1632909179468,-0.19360352,-0.98565674,0.1083374,2.875,-0.03125,0.96875,Respeck,Sitting,0,s1893835,Good data (sargem),Respeck_s1893835_Sitting_29-09-2021_10-53-30
1632909179513,-0.1965332,-0.9829712,0.11444092,2.265625,-0.953125,0.21875,Respeck,Sitting,0,s1893835,Good data (sargem),Respeck_s1893835_Sitting_29-09-2021_10-53-30
1632909179542,-0.2043457,-0.9639282,0.10272217,-0.1875,-0.25,-1.40625,Respeck,Sitting,0,s1893835,Good data (sargem),Respeck_s1893835_Sitting_29-09-2021_10-53-30
1632909179587,-0.21191406,-0.9898071,0.12982178,1.890625,-3.0,-0.5625,Respeck,Sitting,0,s1893835,Good data (sargem),Respeck_s1893835_Sitting_29-09-2021_10-53-30
1632909179619,-0.20727539,-0.9727173,0.08709717,0.484375,1.15625,-0.671875,Respeck,Sitting,0,s1893835,Good data (sargem),Respeck_s1893835_Sitting_29-09-2021_10-53-30
1632909179663,-0.23876953,-0.98443604,0.1281128,2.578125,1.5,1.875,Respeck,Sitting,0,s1893835,Good data (sargem),Respeck_s1893835_Sitting_29-09-2021_10-53-30
1632909179707,-0.19506836,-0.9866333,0.113220215,3.125,0.59375,0.75,Respeck,Sitting,0,s1893835,Good data (sargem),Respeck_s1893835_Sitting_29-09-2021_10-53-30
1632909179737,-0.203125,-0.9871216,0.11175537,2.546875,-0.46875,0.828125,Respeck,Sitting,0,s1893835,Good data (sargem),Respeck_s1893835_Sitting_29-09-2021_10-53-30
1632909179783,-0.20385742,-0.99102783,0.09686279,1.765625,-1.96875,-0.765625,Respeck,Sitting,0,s1893835,Good data (sargem),Respeck_s1893835_Sitting_29-09-2021_10-53-30
1632909179827,-0.2133789,-0.9741821,0.10345459,2.09375,-1.515625,0.328125,Respeck,Sitting,0,s1893835,Good data (sargem),Respeck_s1893835_Sitting_29-09-2021_10-53-30
1632909179857,-0.20654297,-0.9727173,0.08026123,0.9375,-0.953125,-0.71875,Respeck,Sitting,0,s1893835,Good data (sargem),Respeck_s1893835_Sitting_29-09-2021_10-53-30
1632909179902,-0.20996094,-0.96710205,0.0927124,1.421875,-1.578125,-0.15625,Respeck,Sitting,0,s1893835,Good data (sargem),Respeck_s1893835_Sitting_29-09-2021_10-53-30
1632909179963,-0.21679688,-0.97491455,0.08392334,2.0,-2.140625,0.03125,Respeck,Sitting,0,s1893835,Good data (sargem),Respeck_s1893835_Sitting_29-09-2021_10-53-30
1632909179977,-0.20727539,-0.99664307,0.08123779,1.484375,-0.75,-0.546875,Respeck,Sitting,0,s1893835,Good data (sargem),Respeck_s1893835_Sitting_29-09-2021_10-53-30
1632909180021,-0.21289062,-0.97979736,0.08514404,1.421875,-0.875,0.28125,Respeck,Sitting,0,s1893835,Good data (sargem),Respeck_s1893835_Sitting_29-09-2021_10-53-30
1632909180066,-0.21069336,-0.991272,0.10614014,2.15625,-2.796875,0.15625,Respeck,Sitting,0,s1893835,Good data (sargem),Respeck_s1893835_Sitting_29-09-2021_10-53-30
1632909180097,-0.22021484,-0.97735596,0.0848999,0.453125,-3.1875,-0.953125,Respeck,Sitting,0,s1893835,Good data (sargem),Respeck_s1893835_Sitting_29-09-2021_10-53-30
1632909180142,-0.21191406,-0.9763794,0.07928467,1.265625,-4.265625,-1.171875,Respeck,Sitting,0,s1893835,Good data (sargem),Respeck_s1893835_Sitting_29-09-2021_10-53-30
1632909180173,-0.23217773,-0.9793091,0.09588623,2.125,-2.859375,0.890625,Respeck,Sitting,0,s1893835,Good data (sargem),Respeck_s1893835_Sitting_29-09-2021_10-53-30
1632909180218,-0.22363281,-0.9939575,0.08074951,-0.453125,-0.65625,0.09375,Respeck,Sitting,0,s1893835,Good data (sargem),Respeck_s1893835_Sitting_29-09-2021_10-53-30
1632909180261,-0.22558594,-0.9807739,0.07220459,-3.21875,0.390625,-0.734375,Respeck,Sitting,0,s1893835,Good data (sargem),Respeck_s1893835_Sitting_29-09-2021_10-53-30
1632909180292,-0.22363281,-0.99835205,0.10858154,1.046875,-3.53125,-0.328125,Respeck,Sitting,0,s1893835,Good data (sargem),Respeck_s1893835_Sitting_29-09-2021_10-53-30
1632909180368,-0.20581055,-0.9763794,0.058044434,-3.25,-0.0625,-0.34375,Respeck,Sitting,0,s1893835,Good data (sargem),Respeck_s1893835_Sitting_29-09-2021_10-53-30
1632909180382,-0.23388672,-0.97369385,0.101501465,-0.03125,-2.578125,0.1875,Respeck,Sitting,0,s1893835,Good data (sargem),Respeck_s1893835_Sitting_29-09-2021_10-53-30
1632909180413,-0.2199707,-1.0029907,0.08343506,0.015625,-2.15625,-1.234375,Respeck,Sitting,0,s1893835,Good data (sargem),Respeck_s1893835_Sitting_29-09-2021_10-53-30
1632909180456,-0.24121094,-0.9644165,0.08343506,0.234375,0.109375,0.625,Respeck,Sitting,0,s1893835,Good data (sargem),Respeck_s1893835_Sitting_29-09-2021_10-53-30
1632909180532,-0.24511719,-0.9680786,0.10003662,1.265625,1.96875,1.375,Respeck,Sitting,0,s1893835,Good data (sargem),Respeck_s1893835_Sitting_29-09-2021_10-53-30
1632909180537,-0.22607422,-0.9846802,0.09661865,1.015625,2.734375,1.6875,Respeck,Sitting,0,s1893835,Good data (sargem),Respeck_s1893835_Sitting_29-09-2021_10-53-30
1632909180577,-0.20605469,-0.9800415,0.0836792,-0.0625,1.640625,1.0625,Respeck,Sitting,0,s1893835,Good data (sargem),Respeck_s1893835_Sitting_29-09-2021_10-53-30
1632909180607,-0.21850586,-0.96539307,0.097595215,-0.21875,0.65625,0.390625,Respeck,Sitting,0,s1893835,Good data (sargem),Respeck_s1893835_Sitting_29-09-2021_10-53-30
1632909180652,-0.21826172,-0.9776001,0.10076904,1.21875,-0.484375,0.1875,Respeck,Sitting,0,s1893835,Good data (sargem),Respeck_s1893835_Sitting_29-09-2021_10-53-30
1632909180712,-0.23095703,-0.973938,0.105407715,1.484375,0.21875,1.3125,Respeck,Sitting,0,s1893835,Good data (sargem),Respeck_s1893835_Sitting_29-09-2021_10-53-30
1632909180728,-0.22070312,-0.97198486,0.08758545,0.859375,1.03125,1.03125,Respeck,Sitting,0,s1893835,Good data (sargem),Respeck_s1893835_Sitting_29-09-2021_10-53-30
1632909180772,-0.21411133,-0.9812622,0.10028076,2.453125,0.125,1.640625,Respeck,Sitting,0,s1893835,Good data (sargem),Respeck_s1893835_Sitting_29-09-2021_10-53-30
1632909180817,-0.22924805,-0.9898071,0.101501465,1.578125,1.15625,2.03125,Respeck,Sitting,0,s1893835,Good data (sargem),Respeck_s1893835_Sitting_29-09-2021_10-53-30
1632909180848,-0.2175293,-0.97735596,0.09173584,2.15625,1.78125,2.6875,Respeck,Sitting,0,s1893835,Good data (sargem),Respeck_s1893835_Sitting_29-09-2021_10-53-30
1632909180893,-0.2055664,-0.9717407,0.086364746,2.765625,0.703125,2.375,Respeck,Sitting,0,s1893835,Good data (sargem),Respeck_s1893835_Sitting_29-09-2021_10-53-30
1632909180937,-0.19604492,-0.98687744,0.09173584,2.734375,0.28125,-0.640625,Respeck,Sitting,0,s1893835,Good data (sargem),Respeck_s1893835_Sitting_29-09-2021_10-53-30
1632909180968,-0.19458008,-1.0056763,0.06829834,1.484375,-1.96875,-2.078125,Respeck,Sitting,0,s1893835,Good data (sargem),Respeck_s1893835_Sitting_29-09-2021_10-53-30
1632909181011,-0.20141602,-0.9734497,0.09906006,5.5625,-4.46875,-1.5625,Respeck,Sitting,0,s1893835,Good data (sargem),Respeck_s1893835_Sitting_29-09-2021_10-53-30
1632909181043,-0.21655273,-1.0029907,0.06072998,0.640625,-2.828125,-2.3125,Respeck,Sitting,0,s1893835,Good data (sargem),Respeck_s1893835_Sitting_29-09-2021_10-53-30
1632909181087,-0.22607422,-0.98028564,0.078063965,2.125,-3.296875,-0.46875,Respeck,Sitting,0,s1893835,Good data (sargem),Respeck_s1893835_Sitting_29-09-2021_10-53-30
1632909181132,-0.22973633,-0.97906494,0.07244873,2.125,-0.609375,-0.296875,Respeck,Sitting,0,s1893835,Good data (sargem),Respeck_s1893835_Sitting_29-09-2021_10-53-30
1632909181162,-0.2265625,-0.9763794,0.06732178,1.1875,0.40625,0.65625,Respeck,Sitting,0,s1893835,Good data (sargem),Respeck_s1893835_Sitting_29-09-2021_10-53-30
1632909181208,-0.22753906,-0.9714966,0.06732178,2.046875,0.390625,-0.546875,Respeck,Sitting,0,s1893835,Good data (sargem),Respeck_s1893835_Sitting_29-09-2021_10-53-30
1632909181253,-0.2253418,-0.9854126,0.06488037,1.453125,0.328125,-0.140625,Respeck,Sitting,0,s1893835,Good data (sargem),Respeck_s1893835_Sitting_29-09-2021_10-53-30
1632909181283,-0.22949219,-0.99176025,0.074401855,0.78125,0.984375,-0.015625,Respeck,Sitting,0,s1893835,Good data (sargem),Respeck_s1893835_Sitting_29-09-2021_10-53-30
1632909181328,-0.21923828,-0.9776001,0.06878662,0.34375,1.0,0.1875,Respeck,Sitting,0,s1893835,Good data (sargem),Respeck_s1893835_Sitting_29-09-2021_10-53-30
1632909181372,-0.22680664,-0.97735596,0.07928467,0.375,-0.140625,-1.234375,Respeck,Sitting,0,s1893835,Good data (sargem),Respeck_s1893835_Sitting_29-09-2021_10-53-30
1632909181403,-0.23291016,-0.98394775,0.07318115,0.390625,0.34375,-0.203125,Respeck,Sitting,0,s1893835,Good data (sargem),Respeck_s1893835_Sitting_29-09-2021_10-53-30
1632909181448,-0.23608398,-0.98272705,0.07269287,1.3125,1.59375,0.3125,Respeck,Sitting,0,s1893835,Good data (sargem),Respeck_s1893835_Sitting_29-09-2021_10-53-30
1632909181492,-0.23486328,-0.97735596,0.07659912,1.46875,0.9375,-0.046875,Respeck,Sitting,0,s1893835,Good data (sargem),Respeck_s1893835_Sitting_29-09-2021_10-53-30
1632909181522,-0.24047852,-0.9866333,0.06585693,0.296875,1.40625,0.484375,Respeck,Sitting,0,s1893835,Good data (sargem),Respeck_s1893835_Sitting_29-09-2021_10-53-30
1632909181567,-0.22460938,-0.973938,0.0680542,1.046875,1.96875,0.421875,Respeck,Sitting,0,s1893835,Good data (sargem),Respeck_s1893835_Sitting_29-09-2021_10-53-30
1632909181599,-0.2199707,-0.989563,0.070007324,1.03125,-0.65625,-0.3125,Respeck,Sitting,0,s1893835,Good data (sargem),Respeck_s1893835_Sitting_29-09-2021_10-53-30
1632909181644,-0.21508789,-0.98687744,0.06317139,-0.671875,-2.75,-2.890625,Respeck,Sitting,0,s1893835,Good data (sargem),Respeck_s1893835_Sitting_29-09-2021_10-53-30
1632909181688,-0.22827148,-0.9649048,0.07122803,0.59375,-4.96875,-4.359375,Respeck,Sitting,0,s1893835,Good data (sargem),Respeck_s1893835_Sitting_29-09-2021_10-53-30
1632909181732,-0.22802734,-0.9553833,0.07611084,1.265625,-6.265625,-7.09375,Respeck,Sitting,0,s1893835,Good data (sargem),Respeck_s1893835_Sitting_29-09-2021_10-53-30
1632909181763,-0.28735352,-0.9619751,0.10614014,-0.796875,-6.9375,-5.09375,Respeck,Sitting,0,s1893835,Good data (sargem),Respeck_s1893835_Sitting_29-09-2021_10-53-30
1632909181807,-0.27661133,-0.9451294,0.022399902,0.328125,-4.859375,-6.5625,Respeck,Sitting,0,s1893835,Good data (sargem),Respeck_s1893835_Sitting_29-09-2021_10-53-30
1632909181852,-0.28466797,-0.9685669,0.08026123,1.390625,-0.828125,0.109375,Respeck,Sitting,0,s1893835,Good data (sargem),Respeck_s1893835_Sitting_29-09-2021_10-53-30
1632909181882,-0.26538086,-0.9714966,0.06585693,0.625,1.375,0.765625,Respeck,Sitting,0,s1893835,Good data (sargem),Respeck_s1893835_Sitting_29-09-2021_10-53-30
1632909181927,-0.2722168,-0.98638916,0.06976318,0.03125,0.078125,-1.296875,Respeck,Sitting,0,s1893835,Good data (sargem),Respeck_s1893835_Sitting_29-09-2021_10-53-30
1632909181957,-0.27514648,-0.973938,0.097595215,-0.34375,1.3125,-2.734375,Respeck,Sitting,0,s1893835,Good data (sargem),Respeck_s1893835_Sitting_29-09-2021_10-53-30
1632909182004,-0.29052734,-0.9702759,0.089782715,-2.296875,2.40625,-2.046875,Respeck,Sitting,0,s1893835,Good data (sargem),Respeck_s1893835_Sitting_29-09-2021_10-53-30
1632909182032,-0.24291992,-0.9639282,0.07733154,-1.25,1.234375,-1.296875,Respeck,Sitting,0,s1893835,Good data (sargem),Respeck_s1893835_Sitting_29-09-2021_10-53-30
1632909182078,-0.27490234,-0.954895,0.10736084,-1.203125,-1.03125,0.21875,Respeck,Sitting,0,s1893835,Good data (sargem),Respeck_s1893835_Sitting_29-09-2021_10-53-30
1632909182138,-0.29174805,-0.94488525,0.07904053,0.328125,-6.203125,-1.84375,Respeck,Sitting,0,s1893835,Good data (sargem),Respeck_s1893835_Sitting_29-09-2021_10-53-30
1632909182151,-0.33544922,-0.9907837,0.09857178,0.25,-3.890625,-0.109375,Respeck,Sitting,0,s1893835,Good data (sargem),Respeck_s1893835_Sitting_29-09-2021_10-53-30
1632909182197,-0.2944336,-0.9614868,0.066345215,-1.0625,1.90625,-1.3125,Respeck,Sitting,0,s1893835,Good data (sargem),Respeck_s1893835_Sitting_29-09-2021_10-53-30
1632909182242,-0.28466797,-0.9480591,0.11541748,1.15625,-0.6875,-0.9375,Respeck,Sitting,0,s1893835,Good data (sargem),Respeck_s1893835_Sitting_29-09-2021_10-53-30
1632909182272,-0.3215332,-0.96832275,0.08660889,-1.546875,0.34375,-2.671875,Respeck,Sitting,0,s1893835,Good data (sargem),Respeck_s1893835_Sitting_29-09-2021_10-53-30
1632909182318,-0.3010254,-0.95562744,0.0758667,-0.375,2.546875,0.34375,Respeck,Sitting,0,s1893835,Good data (sargem),Respeck_s1893835_Sitting_29-09-2021_10-53-30
1632909182362,-0.2939453,-0.9614868,0.10321045,1.25,5.0,3.484375,Respeck,Sitting,0,s1893835,Good data (sargem),Respeck_s1893835_Sitting_29-09-2021_10-53-30
1632909182393,-0.29345703,-0.9585571,0.08734131,-0.9375,3.71875,2.0,Respeck,Sitting,0,s1893835,Good data (sargem),Respeck_s1893835_Sitting_29-09-2021_10-53-30
1632909182437,-0.25952148,-0.94903564,0.090270996,2.53125,-0.046875,-1.5,Respeck,Sitting,0,s1893835,Good data (sargem),Respeck_s1893835_Sitting_29-09-2021_10-53-30
1632909182482,-0.28393555,-0.9685669,0.07733154,1.34375,-1.75,-0.125,Respeck,Sitting,0,s1893835,Good data (sargem),Respeck_s1893835_Sitting_29-09-2021_10-53-30
1632909182513,-0.3154297,-0.94317627,0.11224365,1.921875,-0.171875,0.65625,Respeck,Sitting,0,s1893835,Good data (sargem),Respeck_s1893835_Sitting_29-09-2021_10-53-30
1632909182559,-0.3190918,-0.9663696,0.10247803,0.890625,1.765625,-2.625,Respeck,Sitting,0,s1893835,Good data (sargem),Respeck_s1893835_Sitting_29-09-2021_10-53-30
1632909182587,-0.32299805,-0.9553833,0.1071167,0.953125,4.40625,-0.625,Respeck,Sitting,0,s1893835,Good data (sargem),Respeck_s1893835_Sitting_29-09-2021_10-53-30
1632909182632,-0.31982422,-0.9500122,0.11199951,0.109375,6.21875,-0.609375,Respeck,Sitting,0,s1893835,Good data (sargem),Respeck_s1893835_Sitting_29-09-2021_10-53-30
1632909182676,-0.29541016,-0.9492798,0.08880615,-0.046875,5.78125,-2.03125,Respeck,Sitting,0,s1893835,Good data (sargem),Respeck_s1893835_Sitting_29-09-2021_10-53-30
1632909182707,-0.28588867,-0.9512329,0.113464355,3.84375,4.453125,0.375,Respeck,Sitting,0,s1893835,Good data (sargem),Respeck_s1893835_Sitting_29-09-2021_10-53-30
1632909182755,-0.28295898,-0.95880127,0.11834717,5.015625,6.0,4.109375,Respeck,Sitting,0,s1893835,Good data (sargem),Respeck_s1893835_Sitting_29-09-2021_10-53-30
1632909182796,-0.2836914,-0.9463501,0.1005249,4.234375,5.640625,4.09375,Respeck,Sitting,0,s1893835,Good data (sargem),Respeck_s1893835_Sitting_29-09-2021_10-53-30
1632909182827,-0.2680664,-0.9741821,0.08905029,3.8125,4.125,3.171875,Respeck,Sitting,0,s1893835,Good data (sargem),Respeck_s1893835_Sitting_29-09-2021_10-53-30
1632909182871,-0.27294922,-0.96710205,0.09954834,3.078125,1.203125,2.78125,Respeck,Sitting,0,s1893835,Good data (sargem),Respeck_s1893835_Sitting_29-09-2021_10-53-30
1632909182918,-0.2927246,-0.96759033,0.097351074,1.859375,0.5625,2.640625,Respeck,Sitting,0,s1893835,Good data (sargem),Respeck_s1893835_Sitting_29-09-2021_10-53-30
1632909182946,-0.28442383,-0.97125244,0.09881592,1.875,0.109375,3.625,Respeck,Sitting,0,s1893835,Good data (sargem),Respeck_s1893835_Sitting_29-09-2021_10-53-30
1632909182991,-0.28149414,-0.9644165,0.11541748,1.484375,1.328125,3.671875,Respeck,Sitting,0,s1893835,Good data (sargem),Respeck_s1893835_Sitting_29-09-2021_10-53-30
1632909183023,-0.25683594,-0.9734497,0.11175537,1.6875,-0.40625,2.15625,Respeck,Sitting,0,s1893835,Good data (sargem),Respeck_s1893835_Sitting_29-09-2021_10-53-30
1632909183067,-0.23071289,-0.94976807,0.074645996,2.03125,-1.453125,2.0,Respeck,Sitting,0,s1893835,Good data (sargem),Respeck_s1893835_Sitting_29-09-2021_10-53-30
1632909183113,-0.2697754,-0.95318604,0.09979248,0.015625,-2.6875,3.9375,Respeck,Sitting,0,s1893835,Good data (sargem),Respeck_s1893835_Sitting_29-09-2021_10-53-30
1632909183144,-0.2692871,-0.9456177,0.042663574,-1.25,-1.0,2.0625,Respeck,Sitting,0,s1893835,Good data (sargem),Respeck_s1893835_Sitting_29-09-2021_10-53-30
1632909183187,-0.2758789,-0.96954346,0.089782715,0.765625,-1.71875,2.40625,Respeck,Sitting,0,s1893835,Good data (sargem),Respeck_s1893835_Sitting_29-09-2021_10-53-30
1632909183233,-0.2590332,-0.96417236,0.093444824,1.765625,-0.921875,3.4375,Respeck,Sitting,0,s1893835,Good data (sargem),Respeck_s1893835_Sitting_29-09-2021_10-53-30
1632909183262,-0.2607422,-0.9619751,0.09222412,1.890625,0.375,2.703125,Respeck,Sitting,0,s1893835,Good data (sargem),Respeck_s1893835_Sitting_29-09-2021_10-53-30
1632909183307,-0.25195312,-0.9763794,0.089538574,1.484375,-0.921875,1.984375,Respeck,Sitting,0,s1893835,Good data (sargem),Respeck_s1893835_Sitting_29-09-2021_10-53-30
1632909183353,-0.25878906,-0.9573364,0.11566162,2.96875,0.453125,2.90625,Respeck,Sitting,0,s1893835,Good data (sargem),Respeck_s1893835_Sitting_29-09-2021_10-53-30
1632909183383,-0.23901367,-0.9590454,0.08905029,1.9375,2.265625,2.46875,Respeck,Sitting,0,s1893835,Good data (sargem),Respeck_s1893835_Sitting_29-09-2021_10-53-30
1632909183428,-0.22827148,-0.9692993,0.09246826,1.703125,1.765625,2.84375,Respeck,Sitting,0,s1893835,Good data (sargem),Respeck_s1893835_Sitting_29-09-2021_10-53-30
1632909183473,-0.22973633,-0.98516846,0.097595215,1.765625,1.359375,3.125,Respeck,Sitting,0,s1893835,Good data (sargem),Respeck_s1893835_Sitting_29-09-2021_10-53-30
1632909183502,-0.22070312,-0.987854,0.09075928,1.1875,0.390625,1.71875,Respeck,Sitting,0,s1893835,Good data (sargem),Respeck_s1893835_Sitting_29-09-2021_10-53-30
1632909183548,-0.22290039,-0.98443604,0.10614014,1.09375,-0.59375,1.6875,Respeck,Sitting,0,s1893835,Good data (sargem),Respeck_s1893835_Sitting_29-09-2021_10-53-30
1632909183577,-0.2529297,-0.9949341,0.1005249,0.5,0.46875,1.328125,Respeck,Sitting,0,s1893835,Good data (sargem),Respeck_s1893835_Sitting_29-09-2021_10-53-30
1632909183622,-0.22460938,-0.9793091,0.08074951,-0.640625,2.5,2.71875,Respeck,Sitting,0,s1893835,Good data (sargem),Respeck_s1893835_Sitting_29-09-2021_10-53-30
1632909183667,-0.20947266,-0.9480591,0.06829834,-0.40625,3.671875,2.359375,Respeck,Sitting,0,s1893835,Good data (sargem),Respeck_s1893835_Sitting_29-09-2021_10-53-30
1632909183712,-0.21582031,-0.9434204,0.09222412,2.359375,0.0,0.828125,Respeck,Sitting,0,s1893835,Good data (sargem),Respeck_s1893835_Sitting_29-09-2021_10-53-30
1632909183742,-0.21313477,-0.94610596,0.07757568,3.46875,0.03125,-0.78125,Respeck,Sitting,0,s1893835,Good data (sargem),Respeck_s1893835_Sitting_29-09-2021_10-53-30
1632909183787,-0.24047852,-0.9871216,0.11175537,2.984375,-1.140625,0.203125,Respeck,Sitting,0,s1893835,Good data (sargem),Respeck_s1893835_Sitting_29-09-2021_10-53-30
1632909183817,-0.22485352,-0.9639282,0.08050537,1.421875,0.109375,-0.9375,Respeck,Sitting,0,s1893835,Good data (sargem),Respeck_s1893835_Sitting_29-09-2021_10-53-30
1632909183863,-0.24047852,-0.98883057,0.12030029,2.28125,-1.09375,-1.109375,Respeck,Sitting,0,s1893835,Good data (sargem),Respeck_s1893835_Sitting_29-09-2021_10-53-30
1632909183936,-0.22021484,-0.9829712,0.09979248,1.640625,-1.140625,-0.84375,Respeck,Sitting,0,s1893835,Good data (sargem),Respeck_s1893835_Sitting_29-09-2021_10-53-30
1632909183941,-0.22827148,-0.97784424,0.08782959,1.171875,0.0,0.078125,Respeck,Sitting,0,s1893835,Good data (sargem),Respeck_s1893835_Sitting_29-09-2021_10-53-30
1632909183982,-0.22290039,-0.96954346,0.085876465,1.1875,-0.90625,-0.03125,Respeck,Sitting,0,s1893835,Good data (sargem),Respeck_s1893835_Sitting_29-09-2021_10-53-30
1632909184012,-0.23339844,-0.9697876,0.086364746,1.84375,-2.078125,0.421875,Respeck,Sitting,0,s1893835,Good data (sargem),Respeck_s1893835_Sitting_29-09-2021_10-53-30
1632909184072,-0.22558594,-0.97735596,0.09197998,1.0,-1.734375,-0.703125,Respeck,Sitting,0,s1893835,Good data (sargem),Respeck_s1893835_Sitting_29-09-2021_10-53-30
1632909184103,-0.25805664,-0.96881104,0.097351074,1.1875,-3.484375,-0.359375,Respeck,Sitting,0,s1893835,Good data (sargem),Respeck_s1893835_Sitting_29-09-2021_10-53-30
1632909184132,-0.23632812,-0.99005127,0.07537842,1.28125,-3.515625,-1.53125,Respeck,Sitting,0,s1893835,Good data (sargem),Respeck_s1893835_Sitting_29-09-2021_10-53-30
1632909184178,-0.22680664,-0.9837036,0.08294678,0.234375,-3.359375,-0.734375,Respeck,Sitting,0,s1893835,Good data (sargem),Respeck_s1893835_Sitting_29-09-2021_10-53-30
1632909184223,-0.23706055,-0.9536743,0.07220459,1.421875,-5.015625,-1.375,Respeck,Sitting,0,s1893835,Good data (sargem),Respeck_s1893835_Sitting_29-09-2021_10-53-30
1632909184252,-0.24731445,-0.97491455,0.08099365,1.5625,-7.421875,-3.953125,Respeck,Sitting,0,s1893835,Good data (sargem),Respeck_s1893835_Sitting_29-09-2021_10-53-30
1632909184297,-0.25439453,-0.97857666,0.077819824,1.6875,-6.0625,-3.203125,Respeck,Sitting,0,s1893835,Good data (sargem),Respeck_s1893835_Sitting_29-09-2021_10-53-30
1632909184343,-0.2746582,-0.97247314,0.0758667,1.4375,-4.25,-1.46875,Respeck,Sitting,0,s1893835,Good data (sargem),Respeck_s1893835_Sitting_29-09-2021_10-53-30
1632909184373,-0.27734375,-0.97247314,0.06878662,1.1875,-0.5625,-1.0,Respeck,Sitting,0,s1893835,Good data (sargem),Respeck_s1893835_Sitting_29-09-2021_10-53-30
1632909184418,-0.27929688,-0.9639282,0.078308105,2.578125,1.0,0.625,Respeck,Sitting,0,s1893835,Good data (sargem),Respeck_s1893835_Sitting_29-09-2021_10-53-30
1632909184447,-0.24951172,-0.95562744,0.05609131,2.90625,3.4375,-0.1875,Respeck,Sitting,0,s1893835,Good data (sargem),Respeck_s1893835_Sitting_29-09-2021_10-53-30
1632909184493,-0.2434082,-0.987854,0.06561279,2.125,2.0,-0.1875,Respeck,Sitting,0,s1893835,Good data (sargem),Respeck_s1893835_Sitting_29-09-2021_10-53-30
1632909184552,-0.2475586,-0.96173096,0.059020996,1.671875,1.125,0.71875,Respeck,Sitting,0,s1893835,Good data (sargem),Respeck_s1893835_Sitting_29-09-2021_10-53-30
1632909184568,-0.26953125,-0.9771118,0.08880615,2.3125,-0.8125,0.484375,Respeck,Sitting,0,s1893835,Good data (sargem),Respeck_s1893835_Sitting_29-09-2021_10-53-30
1632909184612,-0.27734375,-0.9837036,0.06365967,0.015625,0.390625,0.609375,Respeck,Sitting,0,s1893835,Good data (sargem),Respeck_s1893835_Sitting_29-09-2021_10-53-30
1632909184658,-0.26000977,-0.96539307,0.054382324,0.359375,1.171875,-0.09375,Respeck,Sitting,0,s1893835,Good data (sargem),Respeck_s1893835_Sitting_29-09-2021_10-53-30
1632909184688,-0.26049805,-0.9536743,0.066101074,-0.125,0.53125,-0.296875,Respeck,Sitting,0,s1893835,Good data (sargem),Respeck_s1893835_Sitting_29-09-2021_10-53-30
1632909184733,-0.27172852,-0.9585571,0.085876465,0.890625,0.1875,-0.34375,Respeck,Sitting,0,s1893835,Good data (sargem),Respeck_s1893835_Sitting_29-09-2021_10-53-30
1632909184778,-0.24902344,-0.96221924,0.08123779,0.609375,0.0,-1.59375,Respeck,Sitting,0,s1893835,Good data (sargem),Respeck_s1893835_Sitting_29-09-2021_10-53-30
1632909184808,-0.28442383,-0.96954346,0.0927124,-1.390625,-0.203125,-1.203125,Respeck,Sitting,0,s1893835,Good data (sargem),Respeck_s1893835_Sitting_29-09-2021_10-53-30
1632909184855,-0.2861328,-0.97076416,0.08465576,-0.6875,0.28125,-0.828125,Respeck,Sitting,0,s1893835,Good data (sargem),Respeck_s1893835_Sitting_29-09-2021_10-53-30
1632909184896,-0.27978516,-0.97442627,0.09490967,0.34375,3.234375,0.34375,Respeck,Sitting,0,s1893835,Good data (sargem),Respeck_s1893835_Sitting_29-09-2021_10-53-30
1632909184927,-0.27807617,-0.9602661,0.08929443,-0.078125,4.59375,1.515625,Respeck,Sitting,0,s1893835,Good data (sargem),Respeck_s1893835_Sitting_29-09-2021_10-53-30
1632909184972,-0.26660156,-0.9680786,0.1005249,0.765625,3.921875,1.484375,Respeck,Sitting,0,s1893835,Good data (sargem),Respeck_s1893835_Sitting_29-09-2021_10-53-30
1632909185001,-0.26342773,-0.96466064,0.08660889,0.890625,3.65625,1.359375,Respeck,Sitting,0,s1893835,Good data (sargem),Respeck_s1893835_Sitting_29-09-2021_10-53-30
1632909185047,-0.26757812,-0.96759033,0.093444824,1.015625,2.828125,1.6875,Respeck,Sitting,0,s1893835,Good data (sargem),Respeck_s1893835_Sitting_29-09-2021_10-53-30
1632909185093,-0.2578125,-0.96661377,0.09246826,1.34375,2.984375,1.484375,Respeck,Sitting,0,s1893835,Good data (sargem),Respeck_s1893835_Sitting_29-09-2021_10-53-30
1632909185123,-0.25439453,-0.96295166,0.08074951,0.875,2.421875,1.59375,Respeck,Sitting,0,s1893835,Good data (sargem),Respeck_s1893835_Sitting_29-09-2021_10-53-30
1632909185166,-0.2770996,-0.960022,0.08026123,-0.796875,4.453125,1.34375,Respeck,Sitting,0,s1893835,Good data (sargem),Respeck_s1893835_Sitting_29-09-2021_10-53-30
1632909185213,-0.28295898,-0.9824829,0.113708496,0.171875,3.375,2.09375,Respeck,Sitting,0,s1893835,Good data (sargem),Respeck_s1893835_Sitting_29-09-2021_10-53-30
1632909185243,-0.23876953,-0.96539307,0.066833496,-1.234375,4.609375,1.796875,Respeck,Sitting,0,s1893835,Good data (sargem),Respeck_s1893835_Sitting_29-09-2021_10-53-30
1632909185286,-0.2421875,-0.9771118,0.11199951,2.578125,1.421875,2.3125,Respeck,Sitting,0,s1893835,Good data (sargem),Respeck_s1893835_Sitting_29-09-2021_10-53-30
1632909185332,-0.24902344,-0.95977783,0.10760498,0.359375,-3.171875,0.3125,Respeck,Sitting,0,s1893835,Good data (sargem),Respeck_s1893835_Sitting_29-09-2021_10-53-30
1632909185363,-0.2614746,-0.97540283,0.086120605,-0.203125,-3.625,-1.015625,Respeck,Sitting,0,s1893835,Good data (sargem),Respeck_s1893835_Sitting_29-09-2021_10-53-30
1632909185407,-0.28100586,-0.96173096,0.09197998,1.265625,-0.09375,0.734375,Respeck,Sitting,0,s1893835,Good data (sargem),Respeck_s1893835_Sitting_29-09-2021_10-53-30
1632909185437,-0.27246094,-0.97906494,0.089538574,1.265625,3.75,2.984375,Respeck,Sitting,0,s1893835,Good data (sargem),Respeck_s1893835_Sitting_29-09-2021_10-53-30
1632909185483,-0.25463867,-0.97076416,0.08319092,0.578125,5.453125,3.1875,Respeck,Sitting,0,s1893835,Good data (sargem),Respeck_s1893835_Sitting_29-09-2021_10-53-30
1632909185544,-0.2475586,-0.96954346,0.10272217,0.640625,4.90625,3.765625,Respeck,Sitting,0,s1893835,Good data (sargem),Respeck_s1893835_Sitting_29-09-2021_10-53-30
1632909185557,-0.21386719,-0.9871216,0.07952881,1.4375,1.359375,-0.109375,Respeck,Sitting,0,s1893835,Good data (sargem),Respeck_s1893835_Sitting_29-09-2021_10-53-30
1632909185602,-0.23022461,-0.9807739,0.10662842,1.6875,-1.9375,-0.53125,Respeck,Sitting,0,s1893835,Good data (sargem),Respeck_s1893835_Sitting_29-09-2021_10-53-30
1632909185647,-0.24975586,-0.97198486,0.1005249,1.1875,-2.546875,-0.75,Respeck,Sitting,0,s1893835,Good data (sargem),Respeck_s1893835_Sitting_29-09-2021_10-53-30
1632909185693,-0.26513672,-0.97052,0.090270996,0.875,-2.140625,0.015625,Respeck,Sitting,0,s1893835,Good data (sargem),Respeck_s1893835_Sitting_29-09-2021_10-53-30
1632909185723,-0.2607422,-0.96173096,0.097839355,1.71875,0.546875,1.671875,Respeck,Sitting,0,s1893835,Good data (sargem),Respeck_s1893835_Sitting_29-09-2021_10-53-30
1632909185766,-0.24804688,-0.97003174,0.09979248,2.078125,0.421875,1.921875,Respeck,Sitting,0,s1893835,Good data (sargem),Respeck_s1893835_Sitting_29-09-2021_10-53-30
1632909185796,-0.2512207,-0.9714966,0.09075928,2.234375,0.328125,1.90625,Respeck,Sitting,0,s1893835,Good data (sargem),Respeck_s1893835_Sitting_29-09-2021_10-53-30
1632909185842,-0.24023438,-0.98931885,0.0770874,-0.96875,1.21875,1.125,Respeck,Sitting,0,s1893835,Good data (sargem),Respeck_s1893835_Sitting_29-09-2021_10-53-30
1632909185887,-0.2446289,-0.97784424,0.10223389,1.8125,-1.359375,1.359375,Respeck,Sitting,0,s1893835,Good data (sargem),Respeck_s1893835_Sitting_29-09-2021_10-53-30
1632909185917,-0.24389648,-0.98101807,0.06585693,-1.25,0.625,0.203125,Respeck,Sitting,0,s1893835,Good data (sargem),Respeck_s1893835_Sitting_29-09-2021_10-53-30
1632909185962,-0.25195312,-0.9717407,0.10687256,2.03125,0.515625,1.265625,Respeck,Sitting,0,s1893835,Good data (sargem),Respeck_s1893835_Sitting_29-09-2021_10-53-30
1632909185993,-0.23291016,-0.9800415,0.08319092,0.65625,0.734375,0.515625,Respeck,Sitting,0,s1893835,Good data (sargem),Respeck_s1893835_Sitting_29-09-2021_10-53-30
1632909186037,-0.23095703,-0.97125244,0.07537842,0.484375,-0.46875,0.859375,Respeck,Sitting,0,s1893835,Good data (sargem),Respeck_s1893835_Sitting_29-09-2021_10-53-30
1632909186083,-0.23754883,-0.9680786,0.085876465,1.28125,-2.1875,0.140625,Respeck,Sitting,0,s1893835,Good data (sargem),Respeck_s1893835_Sitting_29-09-2021_10-53-30
1632909186113,-0.24438477,-0.97442627,0.086364746,0.921875,-2.21875,0.328125,Respeck,Sitting,0,s1893835,Good data (sargem),Respeck_s1893835_Sitting_29-09-2021_10-53-30
1632909186157,-0.23388672,-0.9837036,0.073913574,0.078125,-2.78125,0.0,Respeck,Sitting,0,s1893835,Good data (sargem),Respeck_s1893835_Sitting_29-09-2021_10-53-30
1632909186202,-0.24951172,-0.97247314,0.10223389,0.578125,-3.296875,0.65625,Respeck,Sitting,0,s1893835,Good data (sargem),Respeck_s1893835_Sitting_29-09-2021_10-53-30
1632909186233,-0.25317383,-0.96588135,0.0848999,1.140625,-2.1875,-0.6875,Respeck,Sitting,0,s1893835,Good data (sargem),Respeck_s1893835_Sitting_29-09-2021_10-53-30
1632909186277,-0.23486328,-0.97979736,0.07733154,1.3125,-0.546875,0.828125,Respeck,Sitting,0,s1893835,Good data (sargem),Respeck_s1893835_Sitting_29-09-2021_10-53-30
1632909186322,-0.23486328,-0.97320557,0.07757568,1.375,-0.703125,1.09375,Respeck,Sitting,0,s1893835,Good data (sargem),Respeck_s1893835_Sitting_29-09-2021_10-53-30
1632909186352,-0.23730469,-0.97052,0.074157715,1.140625,-2.015625,0.25,Respeck,Sitting,0,s1893835,Good data (sargem),Respeck_s1893835_Sitting_29-09-2021_10-53-30
1632909186397,-0.2368164,-0.97540283,0.07904053,1.171875,-2.484375,0.15625,Respeck,Sitting,0,s1893835,Good data (sargem),Respeck_s1893835_Sitting_29-09-2021_10-53-30
1632909186443,-0.23779297,-0.9680786,0.08416748,1.734375,-2.96875,0.484375,Respeck,Sitting,0,s1893835,Good data (sargem),Respeck_s1893835_Sitting_29-09-2021_10-53-30
1632909186473,-0.24951172,-0.9800415,0.0848999,0.953125,-1.953125,0.28125,Respeck,Sitting,0,s1893835,Good data (sargem),Respeck_s1893835_Sitting_29-09-2021_10-53-30
1632909186517,-0.24584961,-0.9661255,0.07952881,1.3125,-2.28125,0.1875,Respeck,Sitting,0,s1893835,Good data (sargem),Respeck_s1893835_Sitting_29-09-2021_10-53-30
1632909186548,-0.23535156,-0.9590454,0.0602417,1.3125,-0.65625,-0.890625,Respeck,Sitting,0,s1893835,Good data (sargem),Respeck_s1893835_Sitting_29-09-2021_10-53-30
1632909186593,-0.24731445,-0.9780884,0.085632324,1.140625,-0.75,0.34375,Respeck,Sitting,0,s1893835,Good data (sargem),Respeck_s1893835_Sitting_29-09-2021_10-53-30
1632909186652,-0.24780273,-0.9649048,0.059753418,0.34375,-0.453125,-0.703125,Respeck,Sitting,0,s1893835,Good data (sargem),Respeck_s1893835_Sitting_29-09-2021_10-53-30
1632909186668,-0.25952148,-0.97198486,0.09173584,1.390625,-0.328125,0.1875,Respeck,Sitting,0,s1893835,Good data (sargem),Respeck_s1893835_Sitting_29-09-2021_10-53-30
1632909186712,-0.24316406,-0.9690552,0.07635498,0.828125,-0.296875,0.78125,Respeck,Sitting,0,s1893835,Good data (sargem),Respeck_s1893835_Sitting_29-09-2021_10-53-30
1632909186759,-0.26513672,-0.96661377,0.08782959,0.921875,1.96875,1.296875,Respeck,Sitting,0,s1893835,Good data (sargem),Respeck_s1893835_Sitting_29-09-2021_10-53-30
1632909186794,-0.24658203,-0.97369385,0.059020996,0.578125,3.078125,0.375,Respeck,Sitting,0,s1893835,Good data (sargem),Respeck_s1893835_Sitting_29-09-2021_10-53-30
1632909186832,-0.23217773,-0.9690552,0.07513428,1.5625,2.4375,1.640625,Respeck,Sitting,0,s1893835,Good data (sargem),Respeck_s1893835_Sitting_29-09-2021_10-53-30
1632909186878,-0.22192383,-0.9776001,0.0758667,0.75,-1.234375,-0.03125,Respeck,Sitting,0,s1893835,Good data (sargem),Respeck_s1893835_Sitting_29-09-2021_10-53-30
1632909186907,-0.25683594,-0.9673462,0.08465576,0.09375,-3.796875,-1.328125,Respeck,Sitting,0,s1893835,Good data (sargem),Respeck_s1893835_Sitting_29-09-2021_10-53-30
1632909186953,-0.2536621,-0.97369385,0.0770874,1.546875,-3.078125,-1.484375,Respeck,Sitting,0,s1893835,Good data (sargem),Respeck_s1893835_Sitting_29-09-2021_10-53-30
1632909186983,-0.26513672,-0.97491455,0.07220459,1.53125,-0.09375,0.421875,Respeck,Sitting,0,s1893835,Good data (sargem),Respeck_s1893835_Sitting_29-09-2021_10-53-30
1632909187043,-0.24047852,-0.9727173,0.070739746,1.296875,1.890625,0.859375,Respeck,Sitting,0,s1893835,Good data (sargem),Respeck_s1893835_Sitting_29-09-2021_10-53-30
1632909187073,-0.2446289,-0.97857666,0.08514404,1.828125,1.1875,1.4375,Respeck,Sitting,0,s1893835,Good data (sargem),Respeck_s1893835_Sitting_29-09-2021_10-53-30
1632909187103,-0.24633789,-0.97784424,0.070007324,1.203125,1.421875,2.140625,Respeck,Sitting,0,s1893835,Good data (sargem),Respeck_s1893835_Sitting_29-09-2021_10-53-30
1632909187147,-0.24975586,-0.9702759,0.06976318,1.5625,0.109375,0.875,Respeck,Sitting,0,s1893835,Good data (sargem),Respeck_s1893835_Sitting_29-09-2021_10-53-30
1632909187192,-0.2475586,-0.96588135,0.074157715,1.671875,-0.375,0.71875,Respeck,Sitting,0,s1893835,Good data (sargem),Respeck_s1893835_Sitting_29-09-2021_10-53-30
1632909187223,-0.2512207,-0.9751587,0.06829834,1.5,-0.125,0.015625,Respeck,Sitting,0,s1893835,Good data (sargem),Respeck_s1893835_Sitting_29-09-2021_10-53-30
1632909187266,-0.25146484,-0.9927368,0.06048584,0.625,-0.703125,0.5625,Respeck,Sitting,0,s1893835,Good data (sargem),Respeck_s1893835_Sitting_29-09-2021_10-53-30
1632909187341,-0.23950195,-0.96881104,0.07513428,3.203125,-1.984375,0.15625,Respeck,Sitting,0,s1893835,Good data (sargem),Respeck_s1893835_Sitting_29-09-2021_10-53-30
1632909187346,-0.24511719,-0.97979736,0.055847168,0.984375,-1.953125,-0.0625,Respeck,Sitting,0,s1893835,Good data (sargem),Respeck_s1893835_Sitting_29-09-2021_10-53-30
1632909187387,-0.26391602,-0.9649048,0.07611084,2.34375,-2.828125,0.53125,Respeck,Sitting,0,s1893835,Good data (sargem),Respeck_s1893835_Sitting_29-09-2021_10-53-30
1632909187417,-0.2512207,-0.989563,0.06756592,1.5625,-2.265625,-0.09375,Respeck,Sitting,0,s1893835,Good data (sargem),Respeck_s1893835_Sitting_29-09-2021_10-53-30
1632909187462,-0.25317383,-0.9692993,0.055358887,0.671875,-0.671875,0.75,Respeck,Sitting,0,s1893835,Good data (sargem),Respeck_s1893835_Sitting_29-09-2021_10-53-30
1632909187508,-0.25146484,-0.9656372,0.07098389,1.96875,-0.609375,0.53125,Respeck,Sitting,0,s1893835,Good data (sargem),Respeck_s1893835_Sitting_29-09-2021_10-53-30
1632909187538,-0.25854492,-0.972229,0.06414795,1.453125,-0.125,0.5,Respeck,Sitting,0,s1893835,Good data (sargem),Respeck_s1893835_Sitting_29-09-2021_10-53-30
1632909187584,-0.25390625,-0.9824829,0.06756592,1.828125,-0.21875,0.90625,Respeck,Sitting,0,s1893835,Good data (sargem),Respeck_s1893835_Sitting_29-09-2021_10-53-30
1632909187628,-0.23925781,-0.97076416,0.05999756,1.875,-0.0625,0.1875,Respeck,Sitting,0,s1893835,Good data (sargem),Respeck_s1893835_Sitting_29-09-2021_10-53-30
1632909187672,-0.24194336,-0.9776001,0.06732178,1.421875,-0.078125,0.65625,Respeck,Sitting,0,s1893835,Good data (sargem),Respeck_s1893835_Sitting_29-09-2021_10-53-30
1632909187703,-0.24731445,-0.97247314,0.070495605,1.78125,-0.953125,1.5,Respeck,Sitting,0,s1893835,Good data (sargem),Respeck_s1893835_Sitting_29-09-2021_10-53-30
1632909187748,-0.24023438,-0.97735596,0.05609131,1.21875,-1.40625,0.375,Respeck,Sitting,0,s1893835,Good data (sargem),Respeck_s1893835_Sitting_29-09-2021_10-53-30
1632909187778,-0.25317383,-0.9746704,0.059020996,1.359375,0.234375,1.0625,Respeck,Sitting,0,s1893835,Good data (sargem),Respeck_s1893835_Sitting_29-09-2021_10-53-30
1632909187823,-0.2487793,-0.98321533,0.057800293,3.09375,0.796875,1.765625,Respeck,Sitting,0,s1893835,Good data (sargem),Respeck_s1893835_Sitting_29-09-2021_10-53-30
1632909187852,-0.24438477,-0.97369385,0.051208496,2.203125,3.453125,2.546875,Respeck,Sitting,0,s1893835,Good data (sargem),Respeck_s1893835_Sitting_29-09-2021_10-53-30
1632909187897,-0.24829102,-0.97613525,0.07879639,1.609375,2.71875,2.453125,Respeck,Sitting,0,s1893835,Good data (sargem),Respeck_s1893835_Sitting_29-09-2021_10-53-30
1632909187941,-0.23876953,-0.9741821,0.059020996,0.90625,1.8125,0.984375,Respeck,Sitting,0,s1893835,Good data (sargem),Respeck_s1893835_Sitting_29-09-2021_10-53-30
1632909187974,-0.24145508,-0.97784424,0.061950684,0.765625,2.046875,1.125,Respeck,Sitting,0,s1893835,Good data (sargem),Respeck_s1893835_Sitting_29-09-2021_10-53-30
1632909188017,-0.23510742,-0.9758911,0.049743652,-2.171875,3.265625,0.21875,Respeck,Sitting,0,s1893835,Good data (sargem),Respeck_s1893835_Sitting_29-09-2021_10-53-30
1632909188061,-0.2487793,-0.98883057,0.08123779,0.953125,-0.203125,1.09375,Respeck,Sitting,0,s1893835,Good data (sargem),Respeck_s1893835_Sitting_29-09-2021_10-53-30
1632909188093,-0.23242188,-0.9741821,0.040222168,-2.5,2.5625,0.09375,Respeck,Sitting,0,s1893835,Good data (sargem),Respeck_s1893835_Sitting_29-09-2021_10-53-30
1632909188137,-0.25195312,-0.9768677,0.07977295,-0.03125,0.359375,0.734375,Respeck,Sitting,0,s1893835,Good data (sargem),Respeck_s1893835_Sitting_29-09-2021_10-53-30
1632909188182,-0.24121094,-0.9807739,0.06976318,-0.03125,1.28125,0.078125,Respeck,Sitting,0,s1893835,Good data (sargem),Respeck_s1893835_Sitting_29-09-2021_10-53-30
1632909188213,-0.23876953,-0.9717407,0.06439209,-0.34375,1.796875,0.375,Respeck,Sitting,0,s1893835,Good data (sargem),Respeck_s1893835_Sitting_29-09-2021_10-53-30
1632909188258,-0.23364258,-0.9729614,0.06561279,-0.421875,0.75,-0.28125,Respeck,Sitting,0,s1893835,Good data (sargem),Respeck_s1893835_Sitting_29-09-2021_10-53-30
1632909188302,-0.24169922,-0.9763794,0.06512451,-0.25,0.8125,0.40625,Respeck,Sitting,0,s1893835,Good data (sargem),Respeck_s1893835_Sitting_29-09-2021_10-53-30
1632909188331,-0.2397461,-0.9819946,0.074157715,-0.71875,0.96875,0.640625,Respeck,Sitting,0,s1893835,Good data (sargem),Respeck_s1893835_Sitting_29-09-2021_10-53-30
1632909188377,-0.23291016,-0.96881104,0.0836792,-0.484375,0.375,0.65625,Respeck,Sitting,0,s1893835,Good data (sargem),Respeck_s1893835_Sitting_29-09-2021_10-53-30
1632909188407,-0.23535156,-0.9768677,0.070007324,0.375,-0.03125,-0.296875,Respeck,Sitting,0,s1893835,Good data (sargem),Respeck_s1893835_Sitting_29-09-2021_10-53-30
1632909188452,-0.23950195,-0.9746704,0.08441162,0.5,-0.109375,0.515625,Respeck,Sitting,0,s1893835,Good data (sargem),Respeck_s1893835_Sitting_29-09-2021_10-53-30
1632909188513,-0.23535156,-0.9746704,0.074401855,-0.09375,0.1875,0.15625,Respeck,Sitting,0,s1893835,Good data (sargem),Respeck_s1893835_Sitting_29-09-2021_10-53-30
1632909188528,-0.24291992,-0.97442627,0.08392334,0.390625,-0.5,0.453125,Respeck,Sitting,0,s1893835,Good data (sargem),Respeck_s1893835_Sitting_29-09-2021_10-53-30
1632909188572,-0.23803711,-0.97735596,0.078308105,0.6875,-0.453125,0.171875,Respeck,Sitting,0,s1893835,Good data (sargem),Respeck_s1893835_Sitting_29-09-2021_10-53-30
1632909188618,-0.2409668,-0.97662354,0.08319092,0.703125,-0.03125,0.78125,Respeck,Sitting,0,s1893835,Good data (sargem),Respeck_s1893835_Sitting_29-09-2021_10-53-30
1632909188663,-0.23339844,-0.973938,0.07635498,0.34375,0.40625,0.390625,Respeck,Sitting,0,s1893835,Good data (sargem),Respeck_s1893835_Sitting_29-09-2021_10-53-30
1632909188693,-0.24609375,-0.989563,0.07269287,-1.125,0.203125,0.40625,Respeck,Sitting,0,s1893835,Good data (sargem),Respeck_s1893835_Sitting_29-09-2021_10-53-30
1632909188737,-0.23828125,-0.9590454,0.097351074,3.203125,-1.1875,1.03125,Respeck,Sitting,0,s1893835,Good data (sargem),Respeck_s1893835_Sitting_29-09-2021_10-53-30
1632909188767,-0.23754883,-0.9805298,0.070251465,0.28125,-1.453125,0.375,Respeck,Sitting,0,s1893835,Good data (sargem),Respeck_s1893835_Sitting_29-09-2021_10-53-30
1632909188813,-0.24291992,-0.9751587,0.08831787,2.640625,-1.609375,0.6875,Respeck,Sitting,0,s1893835,Good data (sargem),Respeck_s1893835_Sitting_29-09-2021_10-53-30
1632909188842,-0.24291992,-0.9800415,0.082458496,1.015625,-1.21875,0.15625,Respeck,Sitting,0,s1893835,Good data (sargem),Respeck_s1893835_Sitting_29-09-2021_10-53-30
1632909188888,-0.24023438,-0.975647,0.07928467,0.796875,-0.5,0.328125,Respeck,Sitting,0,s1893835,Good data (sargem),Respeck_s1893835_Sitting_29-09-2021_10-53-30
1632909188933,-0.23950195,-0.9644165,0.074157715,1.375,-0.875,0.5,Respeck,Sitting,0,s1893835,Good data (sargem),Respeck_s1893835_Sitting_29-09-2021_10-53-30
1632909189008,-0.24047852,-0.97540283,0.06439209,1.4375,-1.515625,0.46875,Respeck,Sitting,0,s1893835,Good data (sargem),Respeck_s1893835_Sitting_29-09-2021_10-53-30
1632909189023,-0.24707031,-0.9854126,0.08099365,1.890625,-1.75,0.203125,Respeck,Sitting,0,s1893835,Good data (sargem),Respeck_s1893835_Sitting_29-09-2021_10-53-30
1632909189051,-0.24853516,-0.9734497,0.078552246,1.953125,-1.40625,0.875,Respeck,Sitting,0,s1893835,Good data (sargem),Respeck_s1893835_Sitting_29-09-2021_10-53-30
1632909189081,-0.2487793,-0.98443604,0.077819824,1.53125,-1.625,-0.03125,Respeck,Sitting,0,s1893835,Good data (sargem),Respeck_s1893835_Sitting_29-09-2021_10-53-30
1632909189129,-0.24047852,-0.98394775,0.07659912,1.21875,-0.53125,0.65625,Respeck,Sitting,0,s1893835,Good data (sargem),Respeck_s1893835_Sitting_29-09-2021_10-53-30
1632909189174,-0.23852539,-0.97369385,0.061950684,1.0,-0.03125,0.4375,Respeck,Sitting,0,s1893835,Good data (sargem),Respeck_s1893835_Sitting_29-09-2021_10-53-30
1632909189202,-0.23803711,-0.9746704,0.06854248,1.234375,-0.046875,0.6875,Respeck,Sitting,0,s1893835,Good data (sargem),Respeck_s1893835_Sitting_29-09-2021_10-53-30
1632909189248,-0.23828125,-0.9771118,0.070251465,1.484375,-0.296875,1.0,Respeck,Sitting,0,s1893835,Good data (sargem),Respeck_s1893835_Sitting_29-09-2021_10-53-30
1632909189292,-0.23950195,-0.97320557,0.070495605,1.875,-0.421875,1.03125,Respeck,Sitting,0,s1893835,Good data (sargem),Respeck_s1893835_Sitting_29-09-2021_10-53-30
1632909189339,-0.23876953,-0.9763794,0.07196045,1.46875,-0.3125,1.28125,Respeck,Sitting,0,s1893835,Good data (sargem),Respeck_s1893835_Sitting_29-09-2021_10-53-30
1632909189369,-0.2434082,-0.96832275,0.078308105,1.9375,-1.0,1.5,Respeck,Sitting,0,s1893835,Good data (sargem),Respeck_s1893835_Sitting_29-09-2021_10-53-30
1632909189396,-0.23876953,-0.9570923,0.058044434,1.34375,-0.421875,-0.015625,Respeck,Sitting,0,s1893835,Good data (sargem),Respeck_s1893835_Sitting_29-09-2021_10-53-30
1632909189443,-0.24780273,-0.98101807,0.090270996,0.875,-0.421875,0.203125,Respeck,Sitting,0,s1893835,Good data (sargem),Respeck_s1893835_Sitting_29-09-2021_10-53-30
1632909189486,-0.234375,-0.96295166,0.043151855,-0.796875,1.140625,-0.125,Respeck,Sitting,0,s1893835,Good data (sargem),Respeck_s1893835_Sitting_29-09-2021_10-53-30
1632909189516,-0.24975586,-0.97540283,0.08465576,0.765625,-0.078125,0.71875,Respeck,Sitting,0,s1893835,Good data (sargem),Respeck_s1893835_Sitting_29-09-2021_10-53-30
1632909189563,-0.23071289,-0.9805298,0.06878662,0.734375,-0.171875,0.421875,Respeck,Sitting,0,s1893835,Good data (sargem),Respeck_s1893835_Sitting_29-09-2021_10-53-30
1632909189608,-0.23803711,-0.97662354,0.059020996,1.21875,0.875,0.796875,Respeck,Sitting,0,s1893835,Good data (sargem),Respeck_s1893835_Sitting_29-09-2021_10-53-30
1632909189652,-0.23510742,-0.975647,0.066345215,1.078125,0.375,0.515625,Respeck,Sitting,0,s1893835,Good data (sargem),Respeck_s1893835_Sitting_29-09-2021_10-53-30
1632909189682,-0.23486328,-0.97320557,0.070495605,1.078125,0.328125,1.015625,Respeck,Sitting,0,s1893835,Good data (sargem),Respeck_s1893835_Sitting_29-09-2021_10-53-30
1632909189728,-0.23413086,-0.98272705,0.06341553,0.765625,0.90625,0.796875,Respeck,Sitting,0,s1893835,Good data (sargem),Respeck_s1893835_Sitting_29-09-2021_10-53-30
1632909189757,-0.24511719,-0.9714966,0.0770874,0.234375,0.390625,0.9375,Respeck,Sitting,0,s1893835,Good data (sargem),Respeck_s1893835_Sitting_29-09-2021_10-53-30
1632909189802,-0.23168945,-0.9714966,0.06903076,0.9375,-0.65625,0.546875,Respeck,Sitting,0,s1893835,Good data (sargem),Respeck_s1893835_Sitting_29-09-2021_10-53-30
1632909189832,-0.2446289,-0.9714966,0.074645996,0.921875,-0.125,0.8125,Respeck,Sitting,0,s1893835,Good data (sargem),Respeck_s1893835_Sitting_29-09-2021_10-53-30
1632909189877,-0.23706055,-0.96954346,0.05682373,0.671875,0.46875,0.65625,Respeck,Sitting,0,s1893835,Good data (sargem),Respeck_s1893835_Sitting_29-09-2021_10-53-30
1632909189922,-0.23828125,-0.9834595,0.07196045,1.1875,-0.015625,0.640625,Respeck,Sitting,0,s1893835,Good data (sargem),Respeck_s1893835_Sitting_29-09-2021_10-53-30
1632909189952,-0.22802734,-0.9727173,0.07318115,1.546875,0.109375,0.921875,Respeck,Sitting,0,s1893835,Good data (sargem),Respeck_s1893835_Sitting_29-09-2021_10-53-30
1632909189997,-0.23583984,-0.9741821,0.07293701,1.53125,-0.09375,0.921875,Respeck,Sitting,0,s1893835,Good data (sargem),Respeck_s1893835_Sitting_29-09-2021_10-53-30
1632909190042,-0.23266602,-0.97906494,0.070251465,0.765625,0.0625,0.859375,Respeck,Sitting,0,s1893835,Good data (sargem),Respeck_s1893835_Sitting_29-09-2021_10-53-30
1632909190071,-0.23730469,-0.9741821,0.0680542,2.21875,-0.96875,0.71875,Respeck,Sitting,0,s1893835,Good data (sargem),Respeck_s1893835_Sitting_29-09-2021_10-53-30
1632909190118,-0.2290039,-0.9680786,0.07244873,2.890625,0.4375,0.375,Respeck,Sitting,0,s1893835,Good data (sargem),Respeck_s1893835_Sitting_29-09-2021_10-53-30
1632909190163,-0.23657227,-0.9812622,0.070251465,1.4375,0.5625,0.75,Respeck,Sitting,0,s1893835,Good data (sargem),Respeck_s1893835_Sitting_29-09-2021_10-53-30
1632909190193,-0.22705078,-0.9663696,0.057800293,1.84375,-0.140625,0.484375,Respeck,Sitting,0,s1893835,Good data (sargem),Respeck_s1893835_Sitting_29-09-2021_10-53-30
1632909190238,-0.2368164,-0.98321533,0.07537842,1.125,-0.46875,0.21875,Respeck,Sitting,0,s1893835,Good data (sargem),Respeck_s1893835_Sitting_29-09-2021_10-53-30
1632909190281,-0.23168945,-0.9783325,0.06365967,0.359375,-0.265625,0.34375,Respeck,Sitting,0,s1893835,Good data (sargem),Respeck_s1893835_Sitting_29-09-2021_10-53-30
1632909190310,-0.23706055,-0.97052,0.06585693,1.3125,0.21875,0.359375,Respeck,Sitting,0,s1893835,Good data (sargem),Respeck_s1893835_Sitting_29-09-2021_10-53-30
1632909190356,-0.23291016,-0.9780884,0.066833496,1.078125,-0.171875,0.046875,Respeck,Sitting,0,s1893835,Good data (sargem),Respeck_s1893835_Sitting_29-09-2021_10-53-30
1632909190387,-0.23095703,-0.9783325,0.074157715,2.84375,-1.296875,0.484375,Respeck,Sitting,0,s1893835,Good data (sargem),Respeck_s1893835_Sitting_29-09-2021_10-53-30
1632909190433,-0.23413086,-0.97198486,0.066833496,1.90625,0.234375,0.21875,Respeck,Sitting,0,s1893835,Good data (sargem),Respeck_s1893835_Sitting_29-09-2021_10-53-30
1632909190477,-0.23413086,-0.98150635,0.074157715,1.25,-0.078125,-0.328125,Respeck,Sitting,0,s1893835,Good data (sargem),Respeck_s1893835_Sitting_29-09-2021_10-53-30
1632909190506,-0.23852539,-0.97979736,0.07196045,1.265625,-0.34375,0.234375,Respeck,Sitting,0,s1893835,Good data (sargem),Respeck_s1893835_Sitting_29-09-2021_10-53-30
1632909190551,-0.23535156,-0.97540283,0.066345215,0.921875,-0.140625,-0.125,Respeck,Sitting,0,s1893835,Good data (sargem),Respeck_s1893835_Sitting_29-09-2021_10-53-30
1632909190599,-0.23388672,-0.96710205,0.06829834,0.78125,-0.078125,0.203125,Respeck,Sitting,0,s1893835,Good data (sargem),Respeck_s1893835_Sitting_29-09-2021_10-53-30
1632909190628,-0.23339844,-0.9854126,0.07269287,0.8125,-0.046875,-0.21875,Respeck,Sitting,0,s1893835,Good data (sargem),Respeck_s1893835_Sitting_29-09-2021_10-53-30
1632909190673,-0.24072266,-0.97613525,0.07318115,0.59375,0.21875,0.0625,Respeck,Sitting,0,s1893835,Good data (sargem),Respeck_s1893835_Sitting_29-09-2021_10-53-30
1632909190747,-0.2409668,-0.97540283,0.07244873,0.609375,0.328125,0.546875,Respeck,Sitting,0,s1893835,Good data (sargem),Respeck_s1893835_Sitting_29-09-2021_10-53-30
1632909190750,-0.23779297,-0.9768677,0.07098389,0.9375,0.703125,0.734375,Respeck,Sitting,0,s1893835,Good data (sargem),Respeck_s1893835_Sitting_29-09-2021_10-53-30
1632909190793,-0.23706055,-0.9714966,0.066101074,0.234375,0.90625,0.0625,Respeck,Sitting,0,s1893835,Good data (sargem),Respeck_s1893835_Sitting_29-09-2021_10-53-30
1632909190823,-0.24902344,-0.9927368,0.062194824,-1.890625,1.671875,-0.15625,Respeck,Sitting,0,s1893835,Good data (sargem),Respeck_s1893835_Sitting_29-09-2021_10-53-30
1632909190883,-0.24438477,-0.9727173,0.09246826,2.046875,-0.65625,1.390625,Respeck,Sitting,0,s1893835,Good data (sargem),Respeck_s1893835_Sitting_29-09-2021_10-53-30
1632909190912,-0.24072266,-0.9898071,0.061462402,-2.21875,1.921875,0.421875,Respeck,Sitting,0,s1893835,Good data (sargem),Respeck_s1893835_Sitting_29-09-2021_10-53-30
1632909190944,-0.24658203,-0.9768677,0.09637451,0.5,0.0625,0.625,Respeck,Sitting,0,s1893835,Good data (sargem),Respeck_s1893835_Sitting_29-09-2021_10-53-30
1632909190987,-0.23486328,-0.9746704,0.082458496,-0.1875,0.75,-0.15625,Respeck,Sitting,0,s1893835,Good data (sargem),Respeck_s1893835_Sitting_29-09-2021_10-53-30
1632909191032,-0.24121094,-0.97735596,0.07269287,-0.375,1.234375,0.703125,Respeck,Sitting,0,s1893835,Good data (sargem),Respeck_s1893835_Sitting_29-09-2021_10-53-30
1632909191062,-0.24145508,-0.9734497,0.077819824,0.40625,0.390625,0.515625,Respeck,Sitting,0,s1893835,Good data (sargem),Respeck_s1893835_Sitting_29-09-2021_10-53-30
1632909191107,-0.2409668,-0.9751587,0.081726074,0.0,0.34375,0.46875,Respeck,Sitting,0,s1893835,Good data (sargem),Respeck_s1893835_Sitting_29-09-2021_10-53-30
1632909191152,-0.24584961,-0.97540283,0.089782715,0.09375,0.015625,0.40625,Respeck,Sitting,0,s1893835,Good data (sargem),Respeck_s1893835_Sitting_29-09-2021_10-53-30
1632909191181,-0.24047852,-0.97613525,0.09222412,0.09375,0.25,0.640625,Respeck,Sitting,0,s1893835,Good data (sargem),Respeck_s1893835_Sitting_29-09-2021_10-53-30
1632909191228,-0.24145508,-0.9697876,0.07977295,0.75,0.15625,0.171875,Respeck,Sitting,0,s1893835,Good data (sargem),Respeck_s1893835_Sitting_29-09-2021_10-53-30
1632909191257,-0.23999023,-0.9788208,0.090026855,1.0,0.390625,0.578125,Respeck,Sitting,0,s1893835,Good data (sargem),Respeck_s1893835_Sitting_29-09-2021_10-53-30
1632909191301,-0.234375,-0.97076416,0.078063965,0.40625,0.546875,0.4375,Respeck,Sitting,0,s1893835,Good data (sargem),Respeck_s1893835_Sitting_29-09-2021_10-53-30
1632909191348,-0.24438477,-0.972229,0.082458496,1.078125,0.3125,0.890625,Respeck,Sitting,0,s1893835,Good data (sargem),Respeck_s1893835_Sitting_29-09-2021_10-53-30
1632909191379,-0.23999023,-0.9734497,0.089782715,1.390625,-0.03125,0.890625,Respeck,Sitting,0,s1893835,Good data (sargem),Respeck_s1893835_Sitting_29-09-2021_10-53-30
1632909191423,-0.23046875,-0.9680786,0.090270996,1.5625,-0.34375,1.140625,Respeck,Sitting,0,s1893835,Good data (sargem),Respeck_s1893835_Sitting_29-09-2021_10-53-30
1632909191468,-0.23754883,-0.9746704,0.08074951,1.234375,-0.140625,1.296875,Respeck,Sitting,0,s1893835,Good data (sargem),Respeck_s1893835_Sitting_29-09-2021_10-53-30
1632909191497,-0.24291992,-0.96539307,0.0848999,1.765625,-0.71875,0.71875,Respeck,Sitting,0,s1893835,Good data (sargem),Respeck_s1893835_Sitting_29-09-2021_10-53-30
1632909191542,-0.22998047,-0.96173096,0.06829834,2.75,-0.328125,0.359375,Respeck,Sitting,0,s1893835,Good data (sargem),Respeck_s1893835_Sitting_29-09-2021_10-53-30
1632909191588,-0.24121094,-0.97003174,0.09979248,0.9375,-0.46875,0.6875,Respeck,Sitting,0,s1893835,Good data (sargem),Respeck_s1893835_Sitting_29-09-2021_10-53-30
1632909191632,-0.22314453,-0.9678345,0.051696777,-0.046875,0.171875,-0.25,Respeck,Sitting,0,s1893835,Good data (sargem),Respeck_s1893835_Sitting_29-09-2021_10-53-30
1632909191663,-0.24194336,-0.9837036,0.10003662,0.921875,-0.421875,1.09375,Respeck,Sitting,0,s1893835,Good data (sargem),Respeck_s1893835_Sitting_29-09-2021_10-53-30
1632909191707,-0.234375,-0.9734497,0.08343506,0.71875,-0.84375,0.390625,Respeck,Sitting,0,s1893835,Good data (sargem),Respeck_s1893835_Sitting_29-09-2021_10-53-30
1632909191736,-0.23999023,-0.9734497,0.08123779,1.109375,-0.46875,0.546875,Respeck,Sitting,0,s1893835,Good data (sargem),Respeck_s1893835_Sitting_29-09-2021_10-53-30
1632909191781,-0.2331543,-0.9685669,0.082214355,0.984375,-1.0625,0.375,Respeck,Sitting,0,s1893835,Good data (sargem),Respeck_s1893835_Sitting_29-09-2021_10-53-30
1632909191812,-0.23925781,-0.9656372,0.09710693,0.859375,-1.25,0.5,Respeck,Sitting,0,s1893835,Good data (sargem),Respeck_s1893835_Sitting_29-09-2021_10-53-30
1632909191855,-0.23022461,-0.9663696,0.07122803,0.671875,-0.265625,0.359375,Respeck,Sitting,0,s1893835,Good data (sargem),Respeck_s1893835_Sitting_29-09-2021_10-53-30
1632909191902,-0.2487793,-0.9697876,0.08343506,0.515625,0.375,0.359375,Respeck,Sitting,0,s1893835,Good data (sargem),Respeck_s1893835_Sitting_29-09-2021_10-53-30
1632909191931,-0.2319336,-0.9768677,0.08294678,1.328125,-0.15625,0.015625,Respeck,Sitting,0,s1893835,Good data (sargem),Respeck_s1893835_Sitting_29-09-2021_10-53-30
1632909191977,-0.2355957,-0.9776001,0.08148193,1.3125,-0.140625,-0.015625,Respeck,Sitting,0,s1893835,Good data (sargem),Respeck_s1893835_Sitting_29-09-2021_10-53-30
1632909192021,-0.2290039,-0.9771118,0.07635498,1.390625,-0.609375,-0.3125,Respeck,Sitting,0,s1893835,Good data (sargem),Respeck_s1893835_Sitting_29-09-2021_10-53-30
1632909192052,-0.23339844,-0.97906494,0.07928467,1.4375,-0.890625,0.203125,Respeck,Sitting,0,s1893835,Good data (sargem),Respeck_s1893835_Sitting_29-09-2021_10-53-30
1632909192097,-0.23632812,-0.9783325,0.078308105,1.546875,-0.4375,0.21875,Respeck,Sitting,0,s1893835,Good data (sargem),Respeck_s1893835_Sitting_29-09-2021_10-53-30
1632909192143,-0.24194336,-0.9690552,0.078552246,2.15625,-0.8125,0.5625,Respeck,Sitting,0,s1893835,Good data (sargem),Respeck_s1893835_Sitting_29-09-2021_10-53-30
1632909192173,-0.23461914,-0.9793091,0.07659912,1.484375,-0.25,0.65625,Respeck,Sitting,0,s1893835,Good data (sargem),Respeck_s1893835_Sitting_29-09-2021_10-53-30
1632909192218,-0.23632812,-0.9741821,0.07952881,1.984375,-0.875,0.265625,Respeck,Sitting,0,s1893835,Good data (sargem),Respeck_s1893835_Sitting_29-09-2021_10-53-30
1632909192246,-0.23803711,-0.9595337,0.06097412,2.84375,0.21875,-0.28125,Respeck,Sitting,0,s1893835,Good data (sargem),Respeck_s1893835_Sitting_29-09-2021_10-53-30
1632909192293,-0.25024414,-0.98101807,0.09124756,1.46875,0.03125,0.5625,Respeck,Sitting,0,s1893835,Good data (sargem),Respeck_s1893835_Sitting_29-09-2021_10-53-30
1632909192337,-0.23779297,-0.9631958,0.05218506,0.25,0.03125,0.0625,Respeck,Sitting,0,s1893835,Good data (sargem),Respeck_s1893835_Sitting_29-09-2021_10-53-30
1632909192412,-0.24536133,-0.97857666,0.07733154,1.796875,-1.234375,-0.421875,Respeck,Sitting,0,s1893835,Good data (sargem),Respeck_s1893835_Sitting_29-09-2021_10-53-30
1632909192417,-0.23339844,-0.9788208,0.06781006,1.15625,-1.171875,-0.171875,Respeck,Sitting,0,s1893835,Good data (sargem),Respeck_s1893835_Sitting_29-09-2021_10-53-30
1632909192456,-0.23413086,-0.9685669,0.066589355,1.234375,-0.078125,0.625,Respeck,Sitting,0,s1893835,Good data (sargem),Respeck_s1893835_Sitting_29-09-2021_10-53-30
1632909192486,-0.24560547,-0.9751587,0.070739746,1.09375,-1.125,-0.078125,Respeck,Sitting,0,s1893835,Good data (sargem),Respeck_s1893835_Sitting_29-09-2021_10-53-30
1632909192532,-0.24853516,-0.9741821,0.07122803,1.03125,-1.046875,0.078125,Respeck,Sitting,0,s1893835,Good data (sargem),Respeck_s1893835_Sitting_29-09-2021_10-53-30
1632909192578,-0.24243164,-0.9776001,0.07122803,1.296875,0.65625,0.28125,Respeck,Sitting,0,s1893835,Good data (sargem),Respeck_s1893835_Sitting_29-09-2021_10-53-30
1632909192607,-0.25024414,-0.975647,0.070739746,1.078125,0.53125,0.1875,Respeck,Sitting,0,s1893835,Good data (sargem),Respeck_s1893835_Sitting_29-09-2021_10-53-30
1632909192653,-0.24169922,-0.97979736,0.06903076,1.09375,-0.09375,0.15625,Respeck,Sitting,0,s1893835,Good data (sargem),Respeck_s1893835_Sitting_29-09-2021_10-53-30
1632909192698,-0.24023438,-0.97442627,0.06707764,1.109375,-0.078125,0.484375,Respeck,Sitting,0,s1893835,Good data (sargem),Respeck_s1893835_Sitting_29-09-2021_10-53-30
1632909192727,-0.24780273,-0.9729614,0.061950684,1.078125,0.28125,0.421875,Respeck,Sitting,0,s1893835,Good data (sargem),Respeck_s1893835_Sitting_29-09-2021_10-53-30
1632909192773,-0.24902344,-0.973938,0.07244873,1.359375,0.265625,0.40625,Respeck,Sitting,0,s1893835,Good data (sargem),Respeck_s1893835_Sitting_29-09-2021_10-53-30
1632909192802,-0.25146484,-0.97003174,0.06072998,1.28125,0.46875,1.265625,Respeck,Sitting,0,s1893835,Good data (sargem),Respeck_s1893835_Sitting_29-09-2021_10-53-30
1632909192847,-0.24414062,-0.972229,0.06903076,1.515625,0.15625,1.140625,Respeck,Sitting,0,s1893835,Good data (sargem),Respeck_s1893835_Sitting_29-09-2021_10-53-30
1632909192893,-0.23950195,-0.97540283,0.058776855,1.015625,0.46875,0.6875,Respeck,Sitting,0,s1893835,Good data (sargem),Respeck_s1893835_Sitting_29-09-2021_10-53-30
1632909192922,-0.24658203,-0.9924927,0.055358887,-0.53125,-0.03125,0.0625,Respeck,Sitting,0,s1893835,Good data (sargem),Respeck_s1893835_Sitting_29-09-2021_10-53-30
1632909192967,-0.23852539,-0.97076416,0.08538818,2.921875,-1.03125,0.828125,Respeck,Sitting,0,s1893835,Good data (sargem),Respeck_s1893835_Sitting_29-09-2021_10-53-30
1632909193013,-0.2397461,-0.9788208,0.051940918,-0.015625,-0.03125,0.03125,Respeck,Sitting,0,s1893835,Good data (sargem),Respeck_s1893835_Sitting_29-09-2021_10-53-30
1632909193058,-0.2536621,-0.97491455,0.06829834,1.015625,-1.1875,0.3125,Respeck,Sitting,0,s1893835,Good data (sargem),Respeck_s1893835_Sitting_29-09-2021_10-53-30
1632909193102,-0.24609375,-0.9819946,0.07611084,0.96875,0.828125,0.0625,Respeck,Sitting,0,s1893835,Good data (sargem),Respeck_s1893835_Sitting_29-09-2021_10-53-30
1632909193132,-0.2409668,-0.97125244,0.073913574,-0.09375,0.921875,0.484375,Respeck,Sitting,0,s1893835,Good data (sargem),Respeck_s1893835_Sitting_29-09-2021_10-53-30
1632909193160,-0.24414062,-0.97076416,0.07147217,0.5625,1.59375,-0.0625,Respeck,Sitting,0,s1893835,Good data (sargem),Respeck_s1893835_Sitting_29-09-2021_10-53-30
1632909193207,-0.24609375,-0.9729614,0.070739746,0.515625,1.234375,0.34375,Respeck,Sitting,0,s1893835,Good data (sargem),Respeck_s1893835_Sitting_29-09-2021_10-53-30
1632909193236,-0.25805664,-0.9800415,0.07952881,0.46875,1.265625,0.375,Respeck,Sitting,0,s1893835,Good data (sargem),Respeck_s1893835_Sitting_29-09-2021_10-53-30
1632909193281,-0.23803711,-0.97320557,0.07562256,0.21875,1.140625,0.40625,Respeck,Sitting,0,s1893835,Good data (sargem),Respeck_s1893835_Sitting_29-09-2021_10-53-30
1632909193340,-0.24560547,-0.9741821,0.06903076,0.625,1.484375,-0.828125,Respeck,Sitting,0,s1893835,Good data (sargem),Respeck_s1893835_Sitting_29-09-2021_10-53-30
1632909193355,-0.24243164,-0.9824829,0.081726074,0.6875,0.59375,-0.046875,Respeck,Sitting,0,s1893835,Good data (sargem),Respeck_s1893835_Sitting_29-09-2021_10-53-30
1632909193400,-0.23852539,-0.97442627,0.070495605,-0.234375,-0.265625,-0.390625,Respeck,Sitting,0,s1893835,Good data (sargem),Respeck_s1893835_Sitting_29-09-2021_10-53-30
1632909193446,-0.24975586,-0.9795532,0.07171631,0.0625,-0.75,0.140625,Respeck,Sitting,0,s1893835,Good data (sargem),Respeck_s1893835_Sitting_29-09-2021_10-53-30
1632909193476,-0.26049805,-0.9714966,0.074645996,0.15625,-0.25,0.578125,Respeck,Sitting,0,s1893835,Good data (sargem),Respeck_s1893835_Sitting_29-09-2021_10-53-30
1632909193521,-0.25878906,-0.96954346,0.0770874,0.78125,0.78125,1.21875,Respeck,Sitting,0,s1893835,Good data (sargem),Respeck_s1893835_Sitting_29-09-2021_10-53-30
1632909193566,-0.24560547,-0.97442627,0.070739746,0.5625,1.46875,1.015625,Respeck,Sitting,0,s1893835,Good data (sargem),Respeck_s1893835_Sitting_29-09-2021_10-53-30
1632909193595,-0.24291992,-0.9898071,0.07147217,-0.875,0.9375,0.359375,Respeck,Sitting,0,s1893835,Good data (sargem),Respeck_s1893835_Sitting_29-09-2021_10-53-30
1632909193643,-0.23583984,-0.9668579,0.105651855,2.5,-0.421875,0.921875,Respeck,Sitting,0,s1893835,Good data (sargem),Respeck_s1893835_Sitting_29-09-2021_10-53-30
1632909193687,-0.24316406,-0.97369385,0.07196045,0.046875,0.34375,0.6875,Respeck,Sitting,0,s1893835,Good data (sargem),Respeck_s1893835_Sitting_29-09-2021_10-53-30
1632909193717,-0.24291992,-0.96832275,0.08856201,1.859375,0.34375,0.84375,Respeck,Sitting,0,s1893835,Good data (sargem),Respeck_s1893835_Sitting_29-09-2021_10-53-30
1632909193762,-0.24414062,-0.98321533,0.08416748,0.171875,0.609375,0.078125,Respeck,Sitting,0,s1893835,Good data (sargem),Respeck_s1893835_Sitting_29-09-2021_10-53-30
1632909193793,-0.24438477,-0.97320557,0.08807373,-0.546875,0.71875,0.640625,Respeck,Sitting,0,s1893835,Good data (sargem),Respeck_s1893835_Sitting_29-09-2021_10-53-30
1632909193836,-0.24487305,-0.97198486,0.08343506,0.453125,0.3125,0.03125,Respeck,Sitting,0,s1893835,Good data (sargem),Respeck_s1893835_Sitting_29-09-2021_10-53-30
1632909193883,-0.24633789,-0.9758911,0.08294678,0.5625,0.015625,0.515625,Respeck,Sitting,0,s1893835,Good data (sargem),Respeck_s1893835_Sitting_29-09-2021_10-53-30
1632909193912,-0.23950195,-0.9817505,0.09246826,0.203125,-0.359375,0.5625,Respeck,Sitting,0,s1893835,Good data (sargem),Respeck_s1893835_Sitting_29-09-2021_10-53-30
1632909193957,-0.24780273,-0.97320557,0.093933105,0.828125,-0.984375,0.90625,Respeck,Sitting,0,s1893835,Good data (sargem),Respeck_s1893835_Sitting_29-09-2021_10-53-30
1632909194002,-0.24291992,-0.96832275,0.093444824,1.203125,-1.296875,0.1875,Respeck,Sitting,0,s1893835,Good data (sargem),Respeck_s1893835_Sitting_29-09-2021_10-53-30
1632909194032,-0.24902344,-0.9805298,0.07952881,1.625,-0.875,0.421875,Respeck,Sitting,0,s1893835,Good data (sargem),Respeck_s1893835_Sitting_29-09-2021_10-53-30
1632909194077,-0.24194336,-0.9780884,0.0770874,1.5625,-0.28125,0.453125,Respeck,Sitting,0,s1893835,Good data (sargem),Respeck_s1893835_Sitting_29-09-2021_10-53-30
1632909194122,-0.24438477,-0.97003174,0.08831787,1.515625,-0.03125,0.71875,Respeck,Sitting,0,s1893835,Good data (sargem),Respeck_s1893835_Sitting_29-09-2021_10-53-30
1632909194152,-0.24169922,-0.9780884,0.08538818,1.546875,-0.609375,0.6875,Respeck,Sitting,0,s1893835,Good data (sargem),Respeck_s1893835_Sitting_29-09-2021_10-53-30
1632909194197,-0.23925781,-0.97442627,0.0848999,1.71875,-0.75,1.078125,Respeck,Sitting,0,s1893835,Good data (sargem),Respeck_s1893835_Sitting_29-09-2021_10-53-30
1632909194227,-0.24145508,-0.9668579,0.08270264,1.140625,-0.625,0.796875,Respeck,Sitting,0,s1893835,Good data (sargem),Respeck_s1893835_Sitting_29-09-2021_10-53-30
1632909194273,-0.23950195,-0.96343994,0.06561279,0.0625,-0.046875,-0.109375,Respeck,Sitting,0,s1893835,Good data (sargem),Respeck_s1893835_Sitting_29-09-2021_10-53-30
1632909194317,-0.2626953,-0.99053955,0.105163574,0.984375,-1.703125,1.046875,Respeck,Sitting,0,s1893835,Good data (sargem),Respeck_s1893835_Sitting_29-09-2021_10-53-30
1632909194346,-0.23339844,-0.97076416,0.06707764,-1.0,0.1875,-0.328125,Respeck,Sitting,0,s1893835,Good data (sargem),Respeck_s1893835_Sitting_29-09-2021_10-53-30
1632909194392,-0.25463867,-0.9771118,0.09857178,1.015625,-1.71875,0.765625,Respeck,Sitting,0,s1893835,Good data (sargem),Respeck_s1893835_Sitting_29-09-2021_10-53-30
1632909194437,-0.2421875,-0.9771118,0.082214355,1.59375,-1.9375,-0.078125,Respeck,Sitting,0,s1893835,Good data (sargem),Respeck_s1893835_Sitting_29-09-2021_10-53-30
1632909194467,-0.2487793,-0.9678345,0.07977295,0.8125,0.203125,0.96875,Respeck,Sitting,0,s1893835,Good data (sargem),Respeck_s1893835_Sitting_29-09-2021_10-53-30
1632909194511,-0.24243164,-0.973938,0.070495605,1.265625,-0.34375,0.046875,Respeck,Sitting,0,s1893835,Good data (sargem),Respeck_s1893835_Sitting_29-09-2021_10-53-30
1632909194556,-0.24047852,-0.97076416,0.07196045,1.4375,0.1875,0.484375,Respeck,Sitting,0,s1893835,Good data (sargem),Respeck_s1893835_Sitting_29-09-2021_10-53-30
1632909194588,-0.23950195,-0.97613525,0.062683105,0.359375,1.109375,0.625,Respeck,Sitting,0,s1893835,Good data (sargem),Respeck_s1893835_Sitting_29-09-2021_10-53-30
1632909194632,-0.25097656,-0.975647,0.07977295,0.46875,0.609375,0.59375,Respeck,Sitting,0,s1893835,Good data (sargem),Respeck_s1893835_Sitting_29-09-2021_10-53-30
1632909194661,-0.23852539,-0.9727173,0.070739746,1.296875,0.15625,0.0,Respeck,Sitting,0,s1893835,Good data (sargem),Respeck_s1893835_Sitting_29-09-2021_10-53-30
1632909194707,-0.24511719,-0.9793091,0.07879639,1.15625,-0.359375,0.3125,Respeck,Sitting,0,s1893835,Good data (sargem),Respeck_s1893835_Sitting_29-09-2021_10-53-30
1632909194752,-0.24731445,-0.9793091,0.07537842,1.15625,-0.65625,0.125,Respeck,Sitting,0,s1893835,Good data (sargem),Respeck_s1893835_Sitting_29-09-2021_10-53-30
1632909194781,-0.25341797,-0.97906494,0.082214355,1.609375,-0.390625,0.375,Respeck,Sitting,0,s1893835,Good data (sargem),Respeck_s1893835_Sitting_29-09-2021_10-53-30
1632909194827,-0.23925781,-0.9763794,0.074645996,1.046875,-0.5,2.265625,Respeck,Sitting,0,s1893835,Good data (sargem),Respeck_s1893835_Sitting_29-09-2021_10-53-30
1632909194871,-0.24169922,-0.9656372,0.07098389,1.265625,-0.796875,2.296875,Respeck,Sitting,0,s1893835,Good data (sargem),Respeck_s1893835_Sitting_29-09-2021_10-53-30
1632909194901,-0.24536133,-0.9727173,0.07879639,1.234375,-0.390625,1.796875,Respeck,Sitting,0,s1893835,Good data (sargem),Respeck_s1893835_Sitting_29-09-2021_10-53-30
1632909194947,-0.2446289,-0.9649048,0.082214355,2.046875,-0.6875,1.171875,Respeck,Sitting,0,s1893835,Good data (sargem),Respeck_s1893835_Sitting_29-09-2021_10-53-30
1632909194992,-0.23486328,-0.96221924,0.05682373,2.375,0.84375,0.375,Respeck,Sitting,0,s1893835,Good data (sargem),Respeck_s1893835_Sitting_29-09-2021_10-53-30
1632909195021,-0.24951172,-0.9763794,0.09246826,2.078125,0.53125,0.4375,Respeck,Sitting,0,s1893835,Good data (sargem),Respeck_s1893835_Sitting_29-09-2021_10-53-30
1632909195068,-0.2319336,-0.9612427,0.051940918,1.171875,1.1875,-0.375,Respeck,Sitting,0,s1893835,Good data (sargem),Respeck_s1893835_Sitting_29-09-2021_10-53-30
1632909195112,-0.2421875,-0.9776001,0.08001709,1.59375,0.046875,0.0625,Respeck,Sitting,0,s1893835,Good data (sargem),Respeck_s1893835_Sitting_29-09-2021_10-53-30
1632909195142,-0.2397461,-0.9793091,0.06756592,1.3125,0.21875,-0.0625,Respeck,Sitting,0,s1893835,Good data (sargem),Respeck_s1893835_Sitting_29-09-2021_10-53-30
1632909195187,-0.2446289,-0.9710083,0.066833496,1.203125,0.609375,0.15625,Respeck,Sitting,0,s1893835,Good data (sargem),Respeck_s1893835_Sitting_29-09-2021_10-53-30
1632909195217,-0.2434082,-0.96832275,0.06707764,1.546875,-0.09375,-0.296875,Respeck,Sitting,0,s1893835,Good data (sargem),Respeck_s1893835_Sitting_29-09-2021_10-53-30
1632909195262,-0.2446289,-0.97613525,0.070739746,1.625,0.28125,-0.09375,Respeck,Sitting,0,s1893835,Good data (sargem),Respeck_s1893835_Sitting_29-09-2021_10-53-30
1632909195337,-0.24121094,-0.98272705,0.062927246,0.78125,0.796875,0.015625,Respeck,Sitting,0,s1893835,Good data (sargem),Respeck_s1893835_Sitting_29-09-2021_10-53-30
1632909195341,-0.25219727,-0.9661255,0.07269287,0.625,-0.578125,-0.109375,Respeck,Sitting,0,s1893835,Good data (sargem),Respeck_s1893835_Sitting_29-09-2021_10-53-30
1632909195382,-0.24780273,-0.9710083,0.06439209,0.515625,-0.125,-0.640625,Respeck,Sitting,0,s1893835,Good data (sargem),Respeck_s1893835_Sitting_29-09-2021_10-53-30
1632909195427,-0.24389648,-0.9780884,0.06732178,0.359375,-0.125,-0.546875,Respeck,Sitting,0,s1893835,Good data (sargem),Respeck_s1893835_Sitting_29-09-2021_10-53-30
1632909195457,-0.2409668,-0.9793091,0.062438965,-0.40625,-0.28125,-0.109375,Respeck,Sitting,0,s1893835,Good data (sargem),Respeck_s1893835_Sitting_29-09-2021_10-53-30
1632909195503,-0.25610352,-0.9702759,0.070251465,0.359375,-0.125,0.296875,Respeck,Sitting,0,s1893835,Good data (sargem),Respeck_s1893835_Sitting_29-09-2021_10-53-30
1632909195547,-0.26123047,-0.9734497,0.07293701,0.65625,1.171875,0.96875,Respeck,Sitting,0,s1893835,Good data (sargem),Respeck_s1893835_Sitting_29-09-2021_10-53-30
1632909195576,-0.25097656,-0.9702759,0.07489014,0.796875,1.828125,1.3125,Respeck,Sitting,0,s1893835,Good data (sargem),Respeck_s1893835_Sitting_29-09-2021_10-53-30
1632909195623,-0.24682617,-0.9795532,0.08294678,0.75,1.828125,0.671875,Respeck,Sitting,0,s1893835,Good data (sargem),Respeck_s1893835_Sitting_29-09-2021_10-53-30
1632909195652,-0.24023438,-0.9663696,0.074401855,0.375,1.90625,0.53125,Respeck,Sitting,0,s1893835,Good data (sargem),Respeck_s1893835_Sitting_29-09-2021_10-53-30
1632909195698,-0.24511719,-0.9702759,0.07098389,-1.421875,3.203125,0.15625,Respeck,Sitting,0,s1893835,Good data (sargem),Respeck_s1893835_Sitting_29-09-2021_10-53-30
1632909195743,-0.25683594,-0.987854,0.098083496,0.171875,0.640625,1.3125,Respeck,Sitting,0,s1893835,Good data (sargem),Respeck_s1893835_Sitting_29-09-2021_10-53-30
1632909195816,-0.24047852,-0.97613525,0.04949951,-2.84375,2.828125,0.09375,Respeck,Sitting,0,s1893835,Good data (sargem),Respeck_s1893835_Sitting_29-09-2021_10-53-30
1632909195820,-0.2602539,-0.9771118,0.1005249,-0.234375,0.96875,1.125,Respeck,Sitting,0,s1893835,Good data (sargem),Respeck_s1893835_Sitting_29-09-2021_10-53-30
1632909195862,-0.23510742,-0.973938,0.08343506,-0.453125,0.234375,-0.109375,Respeck,Sitting,0,s1893835,Good data (sargem),Respeck_s1893835_Sitting_29-09-2021_10-53-30
1632909195890,-0.24511719,-0.97076416,0.08001709,-0.171875,0.15625,0.765625,Respeck,Sitting,0,s1893835,Good data (sargem),Respeck_s1893835_Sitting_29-09-2021_10-53-30
1632909195936,-0.24829102,-0.97076416,0.08441162,0.296875,0.234375,0.1875,Respeck,Sitting,0,s1893835,Good data (sargem),Respeck_s1893835_Sitting_29-09-2021_10-53-30
1632909195983,-0.25048828,-0.9793091,0.08270264,-0.03125,0.203125,0.484375,Respeck,Sitting,0,s1893835,Good data (sargem),Respeck_s1893835_Sitting_29-09-2021_10-53-30
1632909196011,-0.24365234,-0.98101807,0.08465576,-0.578125,0.328125,0.703125,Respeck,Sitting,0,s1893835,Good data (sargem),Respeck_s1893835_Sitting_29-09-2021_10-53-30
1632909196058,-0.24511719,-0.9668579,0.093444824,-0.09375,0.703125,0.625,Respeck,Sitting,0,s1893835,Good data (sargem),Respeck_s1893835_Sitting_29-09-2021_10-53-30
1632909196102,-0.23901367,-0.97662354,0.093444824,1.0,0.046875,-0.09375,Respeck,Sitting,0,s1893835,Good data (sargem),Respeck_s1893835_Sitting_29-09-2021_10-53-30
1632909196133,-0.24072266,-0.9771118,0.093444824,1.21875,0.046875,0.578125,Respeck,Sitting,0,s1893835,Good data (sargem),Respeck_s1893835_Sitting_29-09-2021_10-53-30
1632909196177,-0.24023438,-0.97369385,0.07757568,0.390625,-0.171875,0.4375,Respeck,Sitting,0,s1893835,Good data (sargem),Respeck_s1893835_Sitting_29-09-2021_10-53-30
1632909196208,-0.25,-0.97198486,0.08929443,0.953125,-0.5,0.75,Respeck,Sitting,0,s1893835,Good data (sargem),Respeck_s1893835_Sitting_29-09-2021_10-53-30
1632909196252,-0.24169922,-0.9763794,0.09051514,1.265625,-0.328125,1.21875,Respeck,Sitting,0,s1893835,Good data (sargem),Respeck_s1893835_Sitting_29-09-2021_10-53-30
1632909196297,-0.24169922,-0.97247314,0.085632324,1.140625,-0.09375,0.890625,Respeck,Sitting,0,s1893835,Good data (sargem),Respeck_s1893835_Sitting_29-09-2021_10-53-30
1632909196326,-0.23828125,-0.9656372,0.09075928,2.125,-0.796875,0.40625,Respeck,Sitting,0,s1893835,Good data (sargem),Respeck_s1893835_Sitting_29-09-2021_10-53-30
1632909196372,-0.23535156,-0.9492798,0.078552246,3.796875,-0.578125,-0.265625,Respeck,Sitting,0,s1893835,Good data (sargem),Respeck_s1893835_Sitting_29-09-2021_10-53-30
1632909196418,-0.24609375,-0.9668579,0.085876465,2.078125,-0.640625,0.28125,Respeck,Sitting,0,s1893835,Good data (sargem),Respeck_s1893835_Sitting_29-09-2021_10-53-30
1632909196452,-0.2319336,-0.97003174,0.05706787,1.0625,-0.59375,-0.609375,Respeck,Sitting,0,s1893835,Good data (sargem),Respeck_s1893835_Sitting_29-09-2021_10-53-30
1632909196493,-0.25610352,-0.9795532,0.097595215,1.171875,-0.90625,0.71875,Respeck,Sitting,0,s1893835,Good data (sargem),Respeck_s1893835_Sitting_29-09-2021_10-53-30
1632909196537,-0.23876953,-0.97906494,0.086364746,1.0625,-1.765625,0.40625,Respeck,Sitting,0,s1893835,Good data (sargem),Respeck_s1893835_Sitting_29-09-2021_10-53-30
1632909196567,-0.2524414,-0.9710083,0.07537842,1.125,-1.21875,0.4375,Respeck,Sitting,0,s1893835,Good data (sargem),Respeck_s1893835_Sitting_29-09-2021_10-53-30
1632909196612,-0.24389648,-0.97613525,0.085632324,1.328125,-1.96875,0.015625,Respeck,Sitting,0,s1893835,Good data (sargem),Respeck_s1893835_Sitting_29-09-2021_10-53-30
1632909196642,-0.25317383,-0.95977783,0.08880615,2.71875,-2.03125,0.453125,Respeck,Sitting,0,s1893835,Good data (sargem),Respeck_s1893835_Sitting_29-09-2021_10-53-30
1632909196687,-0.23730469,-0.9727173,0.0692749,1.53125,-0.53125,-0.03125,Respeck,Sitting,0,s1893835,Good data (sargem),Respeck_s1893835_Sitting_29-09-2021_10-53-30
1632909196733,-0.25512695,-0.96881104,0.07562256,0.984375,0.078125,0.234375,Respeck,Sitting,0,s1893835,Good data (sargem),Respeck_s1893835_Sitting_29-09-2021_10-53-30
1632909196763,-0.24243164,-0.972229,0.06781006,1.46875,-0.46875,-0.046875,Respeck,Sitting,0,s1893835,Good data (sargem),Respeck_s1893835_Sitting_29-09-2021_10-53-30
1632909196808,-0.24853516,-0.9734497,0.074157715,1.609375,0.140625,0.46875,Respeck,Sitting,0,s1893835,Good data (sargem),Respeck_s1893835_Sitting_29-09-2021_10-53-30
1632909196852,-0.24536133,-0.97247314,0.06585693,1.421875,-0.359375,0.625,Respeck,Sitting,0,s1893835,Good data (sargem),Respeck_s1893835_Sitting_29-09-2021_10-53-30
1632909196884,-0.25683594,-0.9783325,0.07659912,1.796875,-0.65625,0.59375,Respeck,Sitting,0,s1893835,Good data (sargem),Respeck_s1893835_Sitting_29-09-2021_10-53-30
1632909196927,-0.24780273,-0.9717407,0.074401855,1.96875,-0.1875,0.828125,Respeck,Sitting,0,s1893835,Good data (sargem),Respeck_s1893835_Sitting_29-09-2021_10-53-30
1632909196972,-0.24365234,-0.973938,0.07611084,1.734375,-0.125,0.859375,Respeck,Sitting,0,s1893835,Good data (sargem),Respeck_s1893835_Sitting_29-09-2021_10-53-30
1632909197002,-0.24487305,-0.9631958,0.074645996,2.515625,-1.03125,0.734375,Respeck,Sitting,0,s1893835,Good data (sargem),Respeck_s1893835_Sitting_29-09-2021_10-53-30
1632909197047,-0.24414062,-0.9614868,0.058044434,2.421875,0.140625,0.1875,Respeck,Sitting,0,s1893835,Good data (sargem),Respeck_s1893835_Sitting_29-09-2021_10-53-30
1632909197093,-0.2644043,-0.9788208,0.09490967,1.5,-0.25,1.0,Respeck,Sitting,0,s1893835,Good data (sargem),Respeck_s1893835_Sitting_29-09-2021_10-53-30
1632909197124,-0.24511719,-0.9661255,0.054138184,0.265625,1.53125,0.5625,Respeck,Sitting,0,s1893835,Good data (sargem),Respeck_s1893835_Sitting_29-09-2021_10-53-30
1632909197167,-0.25561523,-0.9751587,0.08270264,1.640625,0.125,0.953125,Respeck,Sitting,0,s1893835,Good data (sargem),Respeck_s1893835_Sitting_29-09-2021_10-53-30
1632909197199,-0.24291992,-0.97369385,0.06976318,1.3125,0.28125,0.5625,Respeck,Sitting,0,s1893835,Good data (sargem),Respeck_s1893835_Sitting_29-09-2021_10-53-30
1632909197243,-0.23999023,-0.9727173,0.055358887,1.15625,0.734375,0.859375,Respeck,Sitting,0,s1893835,Good data (sargem),Respeck_s1893835_Sitting_29-09-2021_10-53-30
1632909197288,-0.24145508,-0.975647,0.066101074,1.078125,0.140625,0.1875,Respeck,Sitting,0,s1893835,Good data (sargem),Respeck_s1893835_Sitting_29-09-2021_10-53-30
1632909197316,-0.23876953,-0.9768677,0.066589355,1.4375,-0.21875,0.546875,Respeck,Sitting,0,s1893835,Good data (sargem),Respeck_s1893835_Sitting_29-09-2021_10-53-30
1632909197362,-0.23657227,-0.97784424,0.06536865,0.734375,0.53125,0.515625,Respeck,Sitting,0,s1893835,Good data (sargem),Respeck_s1893835_Sitting_29-09-2021_10-53-30
1632909197408,-0.24731445,-0.9714966,0.07562256,1.203125,-0.328125,0.8125,Respeck,Sitting,0,s1893835,Good data (sargem),Respeck_s1893835_Sitting_29-09-2021_10-53-30
1632909197436,-0.24682617,-0.9746704,0.061706543,1.09375,-0.234375,0.640625,Respeck,Sitting,0,s1893835,Good data (sargem),Respeck_s1893835_Sitting_29-09-2021_10-53-30
1632909197481,-0.24536133,-0.9746704,0.0692749,0.53125,0.328125,0.546875,Respeck,Sitting,0,s1893835,Good data (sargem),Respeck_s1893835_Sitting_29-09-2021_10-53-30
1632909197543,-0.2397461,-0.9690552,0.062927246,0.484375,0.40625,-0.125,Respeck,Sitting,0,s1893835,Good data (sargem),Respeck_s1893835_Sitting_29-09-2021_10-53-30
1632909197556,-0.24243164,-0.98394775,0.07244873,0.640625,0.4375,0.359375,Respeck,Sitting,0,s1893835,Good data (sargem),Respeck_s1893835_Sitting_29-09-2021_10-53-30
1632909197603,-0.2397461,-0.9768677,0.07928467,0.671875,0.71875,0.40625,Respeck,Sitting,0,s1893835,Good data (sargem),Respeck_s1893835_Sitting_29-09-2021_10-53-30
1632909197635,-0.24780273,-0.97491455,0.06512451,-0.015625,1.375,0.5,Respeck,Sitting,0,s1893835,Good data (sargem),Respeck_s1893835_Sitting_29-09-2021_10-53-30
1632909197679,-0.2409668,-0.960022,0.07098389,1.390625,0.78125,0.578125,Respeck,Sitting,0,s1893835,Good data (sargem),Respeck_s1893835_Sitting_29-09-2021_10-53-30
1632909197722,-0.23388672,-0.9627075,0.06390381,2.125,1.09375,-0.25,Respeck,Sitting,0,s1893835,Good data (sargem),Respeck_s1893835_Sitting_29-09-2021_10-53-30
1632909197753,-0.24023438,-0.9768677,0.08270264,0.65625,0.84375,0.453125,Respeck,Sitting,0,s1893835,Good data (sargem),Respeck_s1893835_Sitting_29-09-2021_10-53-30
1632909197798,-0.2368164,-0.9649048,0.05682373,-0.125,1.875,-0.171875,Respeck,Sitting,0,s1893835,Good data (sargem),Respeck_s1893835_Sitting_29-09-2021_10-53-30
1632909197842,-0.25830078,-0.9727173,0.09051514,-0.140625,1.46875,0.421875,Respeck,Sitting,0,s1893835,Good data (sargem),Respeck_s1893835_Sitting_29-09-2021_10-53-30
1632909197887,-0.23730469,-0.9771118,0.07635498,-0.59375,0.296875,0.125,Respeck,Sitting,0,s1893835,Good data (sargem),Respeck_s1893835_Sitting_29-09-2021_10-53-30
1632909197918,-0.23925781,-0.9702759,0.08001709,0.390625,0.6875,0.40625,Respeck,Sitting,0,s1893835,Good data (sargem),Respeck_s1893835_Sitting_29-09-2021_10-53-30
1632909197963,-0.24511719,-0.9758911,0.08416748,0.34375,0.203125,-0.046875,Respeck,Sitting,0,s1893835,Good data (sargem),Respeck_s1893835_Sitting_29-09-2021_10-53-30
1632909197992,-0.24584961,-0.96173096,0.09613037,1.734375,0.125,1.03125,Respeck,Sitting,0,s1893835,Good data (sargem),Respeck_s1893835_Sitting_29-09-2021_10-53-30
1632909198038,-0.2331543,-0.9649048,0.07684326,1.140625,0.1875,0.28125,Respeck,Sitting,0,s1893835,Good data (sargem),Respeck_s1893835_Sitting_29-09-2021_10-53-30
1632909198067,-0.24975586,-0.97540283,0.09075928,0.859375,-0.5,0.15625,Respeck,Sitting,0,s1893835,Good data (sargem),Respeck_s1893835_Sitting_29-09-2021_10-53-30
1632909198112,-0.24267578,-0.9805298,0.08392334,0.78125,-0.484375,0.15625,Respeck,Sitting,0,s1893835,Good data (sargem),Respeck_s1893835_Sitting_29-09-2021_10-53-30
1632909198156,-0.24780273,-0.9771118,0.077819824,0.6875,0.15625,0.640625,Respeck,Sitting,0,s1893835,Good data (sargem),Respeck_s1893835_Sitting_29-09-2021_10-53-30
1632909198189,-0.25610352,-0.97125244,0.08758545,1.0625,0.828125,1.1875,Respeck,Sitting,0,s1893835,Good data (sargem),Respeck_s1893835_Sitting_29-09-2021_10-53-30
1632909198232,-0.23754883,-0.97247314,0.09124756,1.640625,0.46875,0.984375,Respeck,Sitting,0,s1893835,Good data (sargem),Respeck_s1893835_Sitting_29-09-2021_10-53-30
1632909198277,-0.24633789,-0.9661255,0.07879639,1.078125,0.40625,1.21875,Respeck,Sitting,0,s1893835,Good data (sargem),Respeck_s1893835_Sitting_29-09-2021_10-53-30
1632909198307,-0.24633789,-0.99005127,0.073913574,0.421875,0.359375,0.890625,Respeck,Sitting,0,s1893835,Good data (sargem),Respeck_s1893835_Sitting_29-09-2021_10-53-30
1632909198351,-0.23339844,-0.96588135,0.1005249,3.34375,-2.015625,0.9375,Respeck,Sitting,0,s1893835,Good data (sargem),Respeck_s1893835_Sitting_29-09-2021_10-53-30
1632909198397,-0.25073242,-0.97613525,0.07293701,1.828125,-1.703125,1.296875,Respeck,Sitting,0,s1893835,Good data (sargem),Respeck_s1893835_Sitting_29-09-2021_10-53-30
1632909198429,-0.23754883,-0.9663696,0.07659912,2.53125,-1.84375,0.59375,Respeck,Sitting,0,s1893835,Good data (sargem),Respeck_s1893835_Sitting_29-09-2021_10-53-30
1632909198472,-0.24438477,-0.98223877,0.07879639,1.0625,-2.578125,-0.40625,Respeck,Sitting,0,s1893835,Good data (sargem),Respeck_s1893835_Sitting_29-09-2021_10-53-30
1632909198518,-0.24389648,-0.9746704,0.07904053,0.765625,-1.265625,0.40625,Respeck,Sitting,0,s1893835,Good data (sargem),Respeck_s1893835_Sitting_29-09-2021_10-53-30
1632909198546,-0.23901367,-0.97369385,0.07684326,1.40625,-1.234375,0.09375,Respeck,Sitting,0,s1893835,Good data (sargem),Respeck_s1893835_Sitting_29-09-2021_10-53-30
1632909198593,-0.2434082,-0.97369385,0.07269287,1.109375,-1.546875,0.015625,Respeck,Sitting,0,s1893835,Good data (sargem),Respeck_s1893835_Sitting_29-09-2021_10-53-30
1632909198622,-0.23876953,-0.98687744,0.082458496,0.859375,-0.5,0.421875,Respeck,Sitting,0,s1893835,Good data (sargem),Respeck_s1893835_Sitting_29-09-2021_10-53-30
1632909198667,-0.24243164,-0.9805298,0.08074951,1.328125,-1.078125,0.734375,Respeck,Sitting,0,s1893835,Good data (sargem),Respeck_s1893835_Sitting_29-09-2021_10-53-30
1632909198711,-0.25,-0.9717407,0.07611084,1.609375,-0.359375,0.390625,Respeck,Sitting,0,s1893835,Good data (sargem),Respeck_s1893835_Sitting_29-09-2021_10-53-30
1632909198742,-0.25097656,-0.9819946,0.077819824,1.3125,-0.265625,0.453125,Respeck,Sitting,0,s1893835,Good data (sargem),Respeck_s1893835_Sitting_29-09-2021_10-53-30
1632909198787,-0.24121094,-0.9763794,0.07318115,1.0625,-0.65625,0.0625,Respeck,Sitting,0,s1893835,Good data (sargem),Respeck_s1893835_Sitting_29-09-2021_10-53-30
1632909198832,-0.24780273,-0.97125244,0.07318115,2.015625,0.15625,0.6875,Respeck,Sitting,0,s1893835,Good data (sargem),Respeck_s1893835_Sitting_29-09-2021_10-53-30
1632909198862,-0.24658203,-0.97442627,0.07244873,2.484375,0.625,1.625,Respeck,Sitting,0,s1893835,Good data (sargem),Respeck_s1893835_Sitting_29-09-2021_10-53-30
1632909198906,-0.234375,-0.9807739,0.07171631,1.671875,0.3125,0.46875,Respeck,Sitting,0,s1893835,Good data (sargem),Respeck_s1893835_Sitting_29-09-2021_10-53-30
1632909198953,-0.2541504,-0.99176025,0.06561279,-0.671875,0.234375,0.046875,Respeck,Sitting,0,s1893835,Good data (sargem),Respeck_s1893835_Sitting_29-09-2021_10-53-30
1632909198983,-0.2434082,-0.9717407,0.08734131,3.71875,-1.390625,0.890625,Respeck,Sitting,0,s1893835,Good data (sargem),Respeck_s1893835_Sitting_29-09-2021_10-53-30
1632909199026,-0.23632812,-0.987854,0.0524292,-0.28125,0.578125,0.421875,Respeck,Sitting,0,s1893835,Good data (sargem),Respeck_s1893835_Sitting_29-09-2021_10-53-30
1632909199056,-0.24023438,-0.97052,0.07196045,1.625,-0.453125,0.765625,Respeck,Sitting,0,s1893835,Good data (sargem),Respeck_s1893835_Sitting_29-09-2021_10-53-30
1632909199103,-0.24243164,-0.9763794,0.06854248,1.078125,-0.25,0.03125,Respeck,Sitting,0,s1893835,Good data (sargem),Respeck_s1893835_Sitting_29-09-2021_10-53-30
1632909199163,-0.24145508,-0.9741821,0.06390381,0.15625,0.671875,0.171875,Respeck,Sitting,0,s1893835,Good data (sargem),Respeck_s1893835_Sitting_29-09-2021_10-53-30
1632909199178,-0.24511719,-0.97442627,0.0692749,1.125,0.0,0.234375,Respeck,Sitting,0,s1893835,Good data (sargem),Respeck_s1893835_Sitting_29-09-2021_10-53-30
1632909199223,-0.24853516,-0.97784424,0.06561279,0.609375,-0.171875,0.5625,Respeck,Sitting,0,s1893835,Good data (sargem),Respeck_s1893835_Sitting_29-09-2021_10-53-30
1632909199268,-0.24609375,-0.97906494,0.070007324,-0.390625,0.6875,0.671875,Respeck,Sitting,0,s1893835,Good data (sargem),Respeck_s1893835_Sitting_29-09-2021_10-53-30
1632909199298,-0.24951172,-0.96710205,0.07635498,0.359375,0.359375,1.03125,Respeck,Sitting,0,s1893835,Good data (sargem),Respeck_s1893835_Sitting_29-09-2021_10-53-30
1632909199341,-0.23364258,-0.9834595,0.07220459,0.625,0.296875,0.03125,Respeck,Sitting,0,s1893835,Good data (sargem),Respeck_s1893835_Sitting_29-09-2021_10-53-30
1632909199388,-0.25048828,-0.9746704,0.0692749,0.84375,-0.21875,0.734375,Respeck,Sitting,0,s1893835,Good data (sargem),Respeck_s1893835_Sitting_29-09-2021_10-53-30
1632909199418,-0.24291992,-0.9788208,0.06732178,0.953125,0.40625,0.6875,Respeck,Sitting,0,s1893835,Good data (sargem),Respeck_s1893835_Sitting_29-09-2021_10-53-30
1632909199462,-0.23999023,-0.973938,0.06951904,1.6875,0.046875,1.15625,Respeck,Sitting,0,s1893835,Good data (sargem),Respeck_s1893835_Sitting_29-09-2021_10-53-30
1632909199507,-0.23510742,-0.973938,0.070495605,1.8125,-0.171875,1.046875,Respeck,Sitting,0,s1893835,Good data (sargem),Respeck_s1893835_Sitting_29-09-2021_10-53-30
1632909199552,-0.23486328,-0.97247314,0.070007324,2.640625,-1.515625,1.21875,Respeck,Sitting,0,s1893835,Good data (sargem),Respeck_s1893835_Sitting_29-09-2021_10-53-30
1632909199582,-0.23339844,-0.96466064,0.062438965,2.5,-0.703125,0.234375,Respeck,Sitting,0,s1893835,Good data (sargem),Respeck_s1893835_Sitting_29-09-2021_10-53-30
1632909199612,-0.24194336,-0.97613525,0.0692749,1.625,-0.265625,0.78125,Respeck,Sitting,0,s1893835,Good data (sargem),Respeck_s1893835_Sitting_29-09-2021_10-53-30
1632909199657,-0.23291016,-0.97247314,0.053649902,0.25,0.875,-0.34375,Respeck,Sitting,0,s1893835,Good data (sargem),Respeck_s1893835_Sitting_29-09-2021_10-53-30
1632909199718,-0.2524414,-0.98223877,0.08758545,-0.09375,0.453125,0.453125,Respeck,Sitting,0,s1893835,Good data (sargem),Respeck_s1893835_Sitting_29-09-2021_10-53-30
1632909199732,-0.24145508,-0.98101807,0.07269287,-0.625,0.6875,0.421875,Respeck,Sitting,0,s1893835,Good data (sargem),Respeck_s1893835_Sitting_29-09-2021_10-53-30
1632909199777,-0.24633789,-0.97076416,0.066589355,-0.734375,1.390625,0.328125,Respeck,Sitting,0,s1893835,Good data (sargem),Respeck_s1893835_Sitting_29-09-2021_10-53-30
1632909199824,-0.24438477,-0.9727173,0.07122803,-0.28125,1.578125,0.328125,Respeck,Sitting,0,s1893835,Good data (sargem),Respeck_s1893835_Sitting_29-09-2021_10-53-30
1632909199852,-0.23950195,-0.9727173,0.082214355,1.421875,0.390625,0.96875,Respeck,Sitting,0,s1893835,Good data (sargem),Respeck_s1893835_Sitting_29-09-2021_10-53-30
1632909199899,-0.22338867,-0.9788208,0.077819824,0.765625,0.65625,0.484375,Respeck,Sitting,0,s1893835,Good data (sargem),Respeck_s1893835_Sitting_29-09-2021_10-53-30
1632909199941,-0.24169922,-0.9702759,0.07489014,0.09375,1.015625,0.09375,Respeck,Sitting,0,s1893835,Good data (sargem),Respeck_s1893835_Sitting_29-09-2021_10-53-30
1632909199972,-0.23754883,-0.9771118,0.08270264,0.390625,1.125,1.078125,Respeck,Sitting,0,s1893835,Good data (sargem),Respeck_s1893835_Sitting_29-09-2021_10-53-30
1632909200016,-0.23486328,-0.97613525,0.07562256,-0.359375,1.03125,0.890625,Respeck,Sitting,0,s1893835,Good data (sargem),Respeck_s1893835_Sitting_29-09-2021_10-53-30
1632909200047,-0.234375,-0.9685669,0.08099365,0.40625,0.703125,1.109375,Respeck,Sitting,0,s1893835,Good data (sargem),Respeck_s1893835_Sitting_29-09-2021_10-53-30
1632909200092,-0.2475586,-0.973938,0.08807373,0.515625,1.46875,1.09375,Respeck,Sitting,0,s1893835,Good data (sargem),Respeck_s1893835_Sitting_29-09-2021_10-53-30
1632909200137,-0.23510742,-0.972229,0.09051514,1.828125,0.96875,1.0625,Respeck,Sitting,0,s1893835,Good data (sargem),Respeck_s1893835_Sitting_29-09-2021_10-53-30
1632909200167,-0.2253418,-0.95684814,0.078063965,2.96875,1.8125,0.5625,Respeck,Sitting,0,s1893835,Good data (sargem),Respeck_s1893835_Sitting_29-09-2021_10-53-30
1632909200212,-0.23217773,-0.9702759,0.090270996,0.28125,1.15625,0.703125,Respeck,Sitting,0,s1893835,Good data (sargem),Respeck_s1893835_Sitting_29-09-2021_10-53-30
1632909200257,-0.22460938,-0.9678345,0.06976318,0.15625,1.5625,-0.09375,Respeck,Sitting,0,s1893835,Good data (sargem),Respeck_s1893835_Sitting_29-09-2021_10-53-30
1632909200288,-0.23706055,-0.9805298,0.10467529,-0.0625,1.5,0.984375,Respeck,Sitting,0,s1893835,Good data (sargem),Respeck_s1893835_Sitting_29-09-2021_10-53-30
1632909200332,-0.2265625,-0.9729614,0.097351074,-0.34375,0.40625,0.328125,Respeck,Sitting,0,s1893835,Good data (sargem),Respeck_s1893835_Sitting_29-09-2021_10-53-30
1632909200376,-0.23486328,-0.9668579,0.0914917,0.390625,0.0625,0.359375,Respeck,Sitting,0,s1893835,Good data (sargem),Respeck_s1893835_Sitting_29-09-2021_10-53-30
1632909200408,-0.23168945,-0.972229,0.09613037,0.40625,-0.5,0.4375,Respeck,Sitting,0,s1893835,Good data (sargem),Respeck_s1893835_Sitting_29-09-2021_10-53-30
1632909200452,-0.23779297,-0.9751587,0.10638428,3.859375,-1.984375,0.671875,Respeck,Sitting,0,s1893835,Good data (sargem),Respeck_s1893835_Sitting_29-09-2021_10-53-30
1632909200499,-0.23046875,-0.97320557,0.09051514,2.96875,-1.359375,0.34375,Respeck,Sitting,0,s1893835,Good data (sargem),Respeck_s1893835_Sitting_29-09-2021_10-53-30
1632909200528,-0.2397461,-0.975647,0.097595215,2.625,-1.375,0.3125,Respeck,Sitting,0,s1893835,Good data (sargem),Respeck_s1893835_Sitting_29-09-2021_10-53-30
1632909200572,-0.23828125,-0.9763794,0.08905029,1.828125,-0.71875,0.75,Respeck,Sitting,0,s1893835,Good data (sargem),Respeck_s1893835_Sitting_29-09-2021_10-53-30
1632909200603,-0.23486328,-0.97125244,0.08880615,1.765625,-0.875,0.390625,Respeck,Sitting,0,s1893835,Good data (sargem),Respeck_s1893835_Sitting_29-09-2021_10-53-30
1632909200648,-0.2355957,-0.9741821,0.0927124,1.90625,-0.890625,1.0625,Respeck,Sitting,0,s1893835,Good data (sargem),Respeck_s1893835_Sitting_29-09-2021_10-53-30
1632909200693,-0.23046875,-0.97247314,0.09539795,1.625,-1.453125,0.796875,Respeck,Sitting,0,s1893835,Good data (sargem),Respeck_s1893835_Sitting_29-09-2021_10-53-30
1632909200723,-0.23168945,-0.9741821,0.08856201,2.015625,-2.3125,0.421875,Respeck,Sitting,0,s1893835,Good data (sargem),Respeck_s1893835_Sitting_29-09-2021_10-53-30
1632909200768,-0.22167969,-0.95098877,0.0770874,2.234375,-2.03125,-0.15625,Respeck,Sitting,0,s1893835,Good data (sargem),Respeck_s1893835_Sitting_29-09-2021_10-53-30
1632909200812,-0.24316406,-0.98687744,0.10369873,0.59375,-2.109375,0.40625,Respeck,Sitting,0,s1893835,Good data (sargem),Respeck_s1893835_Sitting_29-09-2021_10-53-30
1632909200842,-0.22680664,-0.9758911,0.06341553,-0.3125,-1.21875,-0.6875,Respeck,Sitting,0,s1893835,Good data (sargem),Respeck_s1893835_Sitting_29-09-2021_10-53-30
1632909200886,-0.2548828,-0.97784424,0.097839355,1.296875,-1.109375,0.515625,Respeck,Sitting,0,s1893835,Good data (sargem),Respeck_s1893835_Sitting_29-09-2021_10-53-30
1632909200932,-0.23339844,-0.9812622,0.07952881,1.765625,-1.078125,-0.3125,Respeck,Sitting,0,s1893835,Good data (sargem),Respeck_s1893835_Sitting_29-09-2021_10-53-30
1632909200962,-0.23730469,-0.9819946,0.0770874,1.765625,-0.109375,0.21875,Respeck,Sitting,0,s1893835,Good data (sargem),Respeck_s1893835_Sitting_29-09-2021_10-53-30
1632909201007,-0.234375,-0.9729614,0.07684326,1.953125,-0.984375,-0.421875,Respeck,Sitting,0,s1893835,Good data (sargem),Respeck_s1893835_Sitting_29-09-2021_10-53-30
1632909201038,-0.24853516,-0.9541626,0.10443115,5.015625,-1.890625,0.609375,Respeck,Sitting,0,s1893835,Good data (sargem),Respeck_s1893835_Sitting_29-09-2021_10-53-30
1632909201083,-0.22387695,-0.9729614,0.059753418,4.625,0.609375,2.4375,Respeck,Sitting,0,s1893835,Good data (sargem),Respeck_s1893835_Sitting_29-09-2021_10-53-30
1632909201143,-0.24047852,-0.96832275,0.074401855,3.03125,-0.546875,1.125,Respeck,Sitting,0,s1893835,Good data (sargem),Respeck_s1893835_Sitting_29-09-2021_10-53-30
1632909201156,-0.23168945,-0.9793091,0.066833496,2.125,-0.515625,1.0625,Respeck,Sitting,0,s1893835,Good data (sargem),Respeck_s1893835_Sitting_29-09-2021_10-53-30
1632909201203,-0.23999023,-0.97003174,0.06951904,1.703125,0.640625,1.0625,Respeck,Sitting,0,s1893835,Good data (sargem),Respeck_s1893835_Sitting_29-09-2021_10-53-30
1632909201248,-0.22583008,-0.9776001,0.05682373,1.6875,0.15625,0.96875,Respeck,Sitting,0,s1893835,Good data (sargem),Respeck_s1893835_Sitting_29-09-2021_10-53-30
1632909201277,-0.23535156,-0.98150635,0.058532715,1.96875,0.3125,0.921875,Respeck,Sitting,0,s1893835,Good data (sargem),Respeck_s1893835_Sitting_29-09-2021_10-53-30
1632909201323,-0.23486328,-0.975647,0.06756592,1.890625,0.28125,1.390625,Respeck,Sitting,0,s1893835,Good data (sargem),Respeck_s1893835_Sitting_29-09-2021_10-53-30
1632909201368,-0.23022461,-0.9788208,0.059509277,1.6875,0.25,0.6875,Respeck,Sitting,0,s1893835,Good data (sargem),Respeck_s1893835_Sitting_29-09-2021_10-53-30
1632909201398,-0.23461914,-0.9729614,0.06390381,2.46875,-0.78125,1.03125,Respeck,Sitting,0,s1893835,Good data (sargem),Respeck_s1893835_Sitting_29-09-2021_10-53-30
1632909201442,-0.22924805,-0.9690552,0.055847168,2.6875,1.28125,0.734375,Respeck,Sitting,0,s1893835,Good data (sargem),Respeck_s1893835_Sitting_29-09-2021_10-53-30
1632909201473,-0.23339844,-0.9829712,0.061706543,1.65625,0.46875,0.671875,Respeck,Sitting,0,s1893835,Good data (sargem),Respeck_s1893835_Sitting_29-09-2021_10-53-30
1632909201515,-0.21923828,-0.97369385,0.05316162,1.75,0.6875,0.390625,Respeck,Sitting,0,s1893835,Good data (sargem),Respeck_s1893835_Sitting_29-09-2021_10-53-30
1632909201560,-0.22924805,-0.97662354,0.066345215,1.3125,-0.1875,0.34375,Respeck,Sitting,0,s1893835,Good data (sargem),Respeck_s1893835_Sitting_29-09-2021_10-53-30
1632909201590,-0.22729492,-0.975647,0.059509277,0.609375,0.421875,0.640625,Respeck,Sitting,0,s1893835,Good data (sargem),Respeck_s1893835_Sitting_29-09-2021_10-53-30
1632909201635,-0.22338867,-0.97247314,0.05682373,1.375,-0.1875,0.796875,Respeck,Sitting,0,s1893835,Good data (sargem),Respeck_s1893835_Sitting_29-09-2021_10-53-30
1632909201680,-0.23120117,-0.97125244,0.059753418,1.09375,-0.421875,0.421875,Respeck,Sitting,0,s1893835,Good data (sargem),Respeck_s1893835_Sitting_29-09-2021_10-53-30
1632909201710,-0.23608398,-0.9849243,0.06707764,2.03125,-1.203125,0.296875,Respeck,Sitting,0,s1893835,Good data (sargem),Respeck_s1893835_Sitting_29-09-2021_10-53-30
1632909201756,-0.22583008,-0.9768677,0.062438965,0.515625,-0.078125,-0.09375,Respeck,Sitting,0,s1893835,Good data (sargem),Respeck_s1893835_Sitting_29-09-2021_10-53-30
1632909201800,-0.23461914,-0.97247314,0.070251465,-0.125,0.65625,-1.171875,Respeck,Sitting,0,s1893835,Good data (sargem),Respeck_s1893835_Sitting_29-09-2021_10-53-30
1632909201831,-0.2355957,-0.9776001,0.066101074,-0.328125,0.921875,0.234375,Respeck,Sitting,0,s1893835,Good data (sargem),Respeck_s1893835_Sitting_29-09-2021_10-53-30
1632909201875,-0.23413086,-0.986145,0.0680542,-0.46875,1.640625,-0.109375,Respeck,Sitting,0,s1893835,Good data (sargem),Respeck_s1893835_Sitting_29-09-2021_10-53-30
1632909201921,-0.23486328,-0.97003174,0.070495605,-0.078125,1.171875,0.421875,Respeck,Sitting,0,s1893835,Good data (sargem),Respeck_s1893835_Sitting_29-09-2021_10-53-30
1632909201950,-0.23486328,-0.9817505,0.073913574,0.1875,1.125,0.8125,Respeck,Sitting,0,s1893835,Good data (sargem),Respeck_s1893835_Sitting_29-09-2021_10-53-30
1632909201995,-0.23095703,-0.9771118,0.07537842,0.46875,1.59375,1.046875,Respeck,Sitting,0,s1893835,Good data (sargem),Respeck_s1893835_Sitting_29-09-2021_10-53-30
1632909202024,-0.22973633,-0.986145,0.081970215,0.171875,1.609375,1.0,Respeck,Sitting,0,s1893835,Good data (sargem),Respeck_s1893835_Sitting_29-09-2021_10-53-30
1632909202070,-0.23388672,-0.9644165,0.074157715,1.234375,0.578125,1.09375,Respeck,Sitting,0,s1893835,Good data (sargem),Respeck_s1893835_Sitting_29-09-2021_10-53-30
1632909202115,-0.22729492,-0.95758057,0.06707764,2.359375,2.578125,0.25,Respeck,Sitting,0,s1893835,Good data (sargem),Respeck_s1893835_Sitting_29-09-2021_10-53-30
1632909202145,-0.23022461,-0.9788208,0.08734131,1.671875,2.5,0.703125,Respeck,Sitting,0,s1893835,Good data (sargem),Respeck_s1893835_Sitting_29-09-2021_10-53-30
1632909202191,-0.21826172,-0.9692993,0.057800293,0.171875,3.140625,0.140625,Respeck,Sitting,0,s1893835,Good data (sargem),Respeck_s1893835_Sitting_29-09-2021_10-53-30
1632909202235,-0.2409668,-0.9885864,0.08929443,-0.078125,2.375,0.15625,Respeck,Sitting,0,s1893835,Good data (sargem),Respeck_s1893835_Sitting_29-09-2021_10-53-30
1632909202265,-0.21850586,-0.98272705,0.082214355,-0.15625,1.84375,0.65625,Respeck,Sitting,0,s1893835,Good data (sargem),Respeck_s1893835_Sitting_29-09-2021_10-53-30
1632909202313,-0.22607422,-0.97125244,0.077819824,-0.171875,1.5625,0.84375,Respeck,Sitting,0,s1893835,Good data (sargem),Respeck_s1893835_Sitting_29-09-2021_10-53-30
1632909202356,-0.2241211,-0.9751587,0.08465576,0.28125,0.6875,0.8125,Respeck,Sitting,0,s1893835,Good data (sargem),Respeck_s1893835_Sitting_29-09-2021_10-53-30
1632909202388,-0.22875977,-0.96099854,0.10784912,1.5625,-0.484375,1.09375,Respeck,Sitting,0,s1893835,Good data (sargem),Respeck_s1893835_Sitting_29-09-2021_10-53-30
1632909202432,-0.22998047,-0.97613525,0.089538574,1.078125,0.203125,0.203125,Respeck,Sitting,0,s1893835,Good data (sargem),Respeck_s1893835_Sitting_29-09-2021_10-53-30
1632909202462,-0.2409668,-0.97662354,0.09490967,1.15625,0.546875,0.609375,Respeck,Sitting,0,s1893835,Good data (sargem),Respeck_s1893835_Sitting_29-09-2021_10-53-30
1632909202507,-0.23022461,-0.98223877,0.08782959,1.515625,1.671875,1.046875,Respeck,Sitting,0,s1893835,Good data (sargem),Respeck_s1893835_Sitting_29-09-2021_10-53-30
1632909202553,-0.22314453,-0.97906494,0.08514404,1.40625,1.671875,1.59375,Respeck,Sitting,0,s1893835,Good data (sargem),Respeck_s1893835_Sitting_29-09-2021_10-53-30
1632909202583,-0.22363281,-0.9717407,0.086120605,1.484375,1.375,1.703125,Respeck,Sitting,0,s1893835,Good data (sargem),Respeck_s1893835_Sitting_29-09-2021_10-53-30
1632909202627,-0.21972656,-0.9854126,0.094177246,2.109375,1.0625,2.1875,Respeck,Sitting,0,s1893835,Good data (sargem),Respeck_s1893835_Sitting_29-09-2021_10-53-30
1632909202671,-0.20922852,-0.9714966,0.081726074,2.109375,0.609375,2.03125,Respeck,Sitting,0,s1893835,Good data (sargem),Respeck_s1893835_Sitting_29-09-2021_10-53-30
1632909202704,-0.2084961,-0.9734497,0.08734131,2.171875,-1.203125,1.15625,Respeck,Sitting,0,s1893835,Good data (sargem),Respeck_s1893835_Sitting_29-09-2021_10-53-30
1632909202747,-0.21557617,-0.9624634,0.06439209,1.984375,-0.28125,0.375,Respeck,Sitting,0,s1893835,Good data (sargem),Respeck_s1893835_Sitting_29-09-2021_10-53-30
1632909202792,-0.23339844,-0.9793091,0.101257324,0.125,-1.125,1.234375,Respeck,Sitting,0,s1893835,Good data (sargem),Respeck_s1893835_Sitting_29-09-2021_10-53-30
1632909202822,-0.20751953,-0.9819946,0.061950684,-1.203125,0.09375,-0.40625,Respeck,Sitting,0,s1893835,Good data (sargem),Respeck_s1893835_Sitting_29-09-2021_10-53-30
1632909202868,-0.22753906,-0.987854,0.10101318,0.46875,-1.140625,0.484375,Respeck,Sitting,0,s1893835,Good data (sargem),Respeck_s1893835_Sitting_29-09-2021_10-53-30
1632909202944,-0.21655273,-0.98223877,0.085632324,0.515625,-0.4375,0.265625,Respeck,Sitting,0,s1893835,Good data (sargem),Respeck_s1893835_Sitting_29-09-2021_10-53-30
1632909202949,-0.21508789,-0.972229,0.0770874,0.96875,-0.09375,0.609375,Respeck,Sitting,0,s1893835,Good data (sargem),Respeck_s1893835_Sitting_29-09-2021_10-53-30
1632909202987,-0.2109375,-0.9751587,0.078552246,1.265625,-1.078125,0.3125,Respeck,Sitting,0,s1893835,Good data (sargem),Respeck_s1893835_Sitting_29-09-2021_10-53-30
1632909203017,-0.21484375,-0.9788208,0.085632324,1.328125,-1.09375,0.21875,Respeck,Sitting,0,s1893835,Good data (sargem),Respeck_s1893835_Sitting_29-09-2021_10-53-30
1632909203063,-0.2163086,-0.9780884,0.07220459,0.265625,-0.71875,0.171875,Respeck,Sitting,0,s1893835,Good data (sargem),Respeck_s1893835_Sitting_29-09-2021_10-53-30
1632909203106,-0.22485352,-0.9751587,0.07904053,0.15625,-1.484375,0.3125,Respeck,Sitting,0,s1893835,Good data (sargem),Respeck_s1893835_Sitting_29-09-2021_10-53-30
1632909203137,-0.21948242,-0.98687744,0.07635498,0.328125,-1.984375,-0.4375,Respeck,Sitting,0,s1893835,Good data (sargem),Respeck_s1893835_Sitting_29-09-2021_10-53-30
1632909203197,-0.22241211,-0.975647,0.08392334,1.140625,-1.734375,0.40625,Respeck,Sitting,0,s1893835,Good data (sargem),Respeck_s1893835_Sitting_29-09-2021_10-53-30
1632909203232,-0.22290039,-0.97784424,0.08319092,0.59375,-1.890625,-0.09375,Respeck,Sitting,0,s1893835,Good data (sargem),Respeck_s1893835_Sitting_29-09-2021_10-53-30
1632909203255,-0.2253418,-0.98150635,0.08343506,0.8125,-1.53125,0.28125,Respeck,Sitting,0,s1893835,Good data (sargem),Respeck_s1893835_Sitting_29-09-2021_10-53-30
1632909203300,-0.21850586,-0.9763794,0.07342529,1.609375,-1.796875,0.671875,Respeck,Sitting,0,s1893835,Good data (sargem),Respeck_s1893835_Sitting_29-09-2021_10-53-30
1632909203361,-0.22070312,-0.97540283,0.07269287,1.40625,-0.671875,0.890625,Respeck,Sitting,0,s1893835,Good data (sargem),Respeck_s1893835_Sitting_29-09-2021_10-53-30
1632909203377,-0.2290039,-0.9824829,0.07342529,2.03125,-1.625,0.421875,Respeck,Sitting,0,s1893835,Good data (sargem),Respeck_s1893835_Sitting_29-09-2021_10-53-30
1632909203421,-0.20581055,-0.9680786,0.086120605,3.421875,-1.90625,-0.5,Respeck,Sitting,0,s1893835,Good data (sargem),Respeck_s1893835_Sitting_29-09-2021_10-53-30
1632909203452,-0.22143555,-0.98516846,0.073913574,1.5,-1.984375,-0.203125,Respeck,Sitting,0,s1893835,Good data (sargem),Respeck_s1893835_Sitting_29-09-2021_10-53-30
1632909203496,-0.22338867,-0.972229,0.07147217,1.625,-2.140625,-1.09375,Respeck,Sitting,0,s1893835,Good data (sargem),Respeck_s1893835_Sitting_29-09-2021_10-53-30
1632909203544,-0.22924805,-0.98101807,0.07757568,1.375,-1.8125,-0.96875,Respeck,Sitting,0,s1893835,Good data (sargem),Respeck_s1893835_Sitting_29-09-2021_10-53-30
1632909203571,-0.22875977,-0.9795532,0.08050537,0.8125,-1.296875,-0.390625,Respeck,Sitting,0,s1893835,Good data (sargem),Respeck_s1893835_Sitting_29-09-2021_10-53-30
1632909203616,-0.22583008,-0.9668579,0.06390381,1.171875,-0.515625,-1.328125,Respeck,Sitting,0,s1893835,Good data (sargem),Respeck_s1893835_Sitting_29-09-2021_10-53-30
1632909203661,-0.23999023,-0.98394775,0.08074951,1.734375,-0.34375,-1.09375,Respeck,Sitting,0,s1893835,Good data (sargem),Respeck_s1893835_Sitting_29-09-2021_10-53-30
1632909203691,-0.23803711,-0.97979736,0.07562256,3.46875,0.125,0.359375,Respeck,Sitting,0,s1893835,Good data (sargem),Respeck_s1893835_Sitting_29-09-2021_10-53-30
1632909203737,-0.22363281,-0.9746704,0.08148193,2.171875,1.8125,0.453125,Respeck,Sitting,0,s1893835,Good data (sargem),Respeck_s1893835_Sitting_29-09-2021_10-53-30
1632909203782,-0.22680664,-0.9800415,0.07513428,1.921875,1.3125,0.15625,Respeck,Sitting,0,s1893835,Good data (sargem),Respeck_s1893835_Sitting_29-09-2021_10-53-30
1632909203813,-0.23071289,-0.9763794,0.06951904,1.0,0.5625,0.328125,Respeck,Sitting,0,s1893835,Good data (sargem),Respeck_s1893835_Sitting_29-09-2021_10-53-30
1632909203857,-0.23095703,-0.9795532,0.059753418,2.21875,-0.40625,0.375,Respeck,Sitting,0,s1893835,Good data (sargem),Respeck_s1893835_Sitting_29-09-2021_10-53-30
1632909203902,-0.23413086,-0.9751587,0.0602417,1.953125,-0.4375,0.40625,Respeck,Sitting,0,s1893835,Good data (sargem),Respeck_s1893835_Sitting_29-09-2021_10-53-30
1632909203933,-0.24267578,-0.97369385,0.06072998,2.640625,0.125,-0.859375,Respeck,Sitting,0,s1893835,Good data (sargem),Respeck_s1893835_Sitting_29-09-2021_10-53-30
1632909203976,-0.24267578,-0.97125244,0.058532715,3.09375,0.375,-0.375,Respeck,Sitting,0,s1893835,Good data (sargem),Respeck_s1893835_Sitting_29-09-2021_10-53-30
1632909204007,-0.23535156,-0.9717407,0.05218506,3.0,0.71875,-0.234375,Respeck,Sitting,0,s1893835,Good data (sargem),Respeck_s1893835_Sitting_29-09-2021_10-53-30
1632909204053,-0.22290039,-0.98760986,0.066589355,1.734375,-0.03125,0.765625,Respeck,Sitting,0,s1893835,Good data (sargem),Respeck_s1893835_Sitting_29-09-2021_10-53-30
1632909204099,-0.23120117,-0.9702759,0.049987793,0.140625,0.125,-0.984375,Respeck,Sitting,0,s1893835,Good data (sargem),Respeck_s1893835_Sitting_29-09-2021_10-53-30
1632909204128,-0.25048828,-0.9824829,0.07879639,0.90625,-1.3125,0.34375,Respeck,Sitting,0,s1893835,Good data (sargem),Respeck_s1893835_Sitting_29-09-2021_10-53-30
1632909204171,-0.24389648,-0.9734497,0.039733887,-0.625,0.296875,-0.234375,Respeck,Sitting,0,s1893835,Good data (sargem),Respeck_s1893835_Sitting_29-09-2021_10-53-30
1632909204218,-0.24047852,-0.9780884,0.07171631,1.421875,-1.203125,0.359375,Respeck,Sitting,0,s1893835,Good data (sargem),Respeck_s1893835_Sitting_29-09-2021_10-53-30
1632909204253,-0.24951172,-0.98101807,0.062927246,1.796875,-1.859375,0.25,Respeck,Sitting,0,s1893835,Good data (sargem),Respeck_s1893835_Sitting_29-09-2021_10-53-30
1632909204291,-0.24121094,-0.975647,0.054870605,0.296875,0.578125,1.1875,Respeck,Sitting,0,s1893835,Good data (sargem),Respeck_s1893835_Sitting_29-09-2021_10-53-30
1632909204335,-0.2434082,-0.975647,0.05706787,0.484375,0.8125,0.15625,Respeck,Sitting,0,s1893835,Good data (sargem),Respeck_s1893835_Sitting_29-09-2021_10-53-30
1632909204365,-0.2409668,-0.97857666,0.050720215,0.203125,1.21875,-0.3125,Respeck,Sitting,0,s1893835,Good data (sargem),Respeck_s1893835_Sitting_29-09-2021_10-53-30
1632909204410,-0.22973633,-0.98028564,0.053649902,-0.5,2.625,-0.046875,Respeck,Sitting,0,s1893835,Good data (sargem),Respeck_s1893835_Sitting_29-09-2021_10-53-30
1632909204441,-0.25097656,-0.97491455,0.06951904,-0.609375,1.359375,-0.109375,Respeck,Sitting,0,s1893835,Good data (sargem),Respeck_s1893835_Sitting_29-09-2021_10-53-30
1632909204487,-0.24169922,-0.97198486,0.062438965,0.40625,1.203125,-0.75,Respeck,Sitting,0,s1893835,Good data (sargem),Respeck_s1893835_Sitting_29-09-2021_10-53-30
1632909204533,-0.24682617,-0.97662354,0.06561279,0.46875,0.5625,0.015625,Respeck,Sitting,0,s1893835,Good data (sargem),Respeck_s1893835_Sitting_29-09-2021_10-53-30
1632909204561,-0.24438477,-0.9741821,0.05267334,-0.046875,0.4375,-0.421875,Respeck,Sitting,0,s1893835,Good data (sargem),Respeck_s1893835_Sitting_29-09-2021_10-53-30
1632909204607,-0.24707031,-0.97320557,0.06365967,0.59375,0.25,-0.109375,Respeck,Sitting,0,s1893835,Good data (sargem),Respeck_s1893835_Sitting_29-09-2021_10-53-30
1632909204653,-0.24316406,-0.97052,0.06390381,0.546875,0.015625,0.421875,Respeck,Sitting,0,s1893835,Good data (sargem),Respeck_s1893835_Sitting_29-09-2021_10-53-30
1632909204682,-0.23901367,-0.9751587,0.07220459,0.84375,-1.0,0.71875,Respeck,Sitting,0,s1893835,Good data (sargem),Respeck_s1893835_Sitting_29-09-2021_10-53-30
1632909204727,-0.23535156,-0.9788208,0.06976318,0.203125,-0.71875,0.265625,Respeck,Sitting,0,s1893835,Good data (sargem),Respeck_s1893835_Sitting_29-09-2021_10-53-30
1632909204771,-0.25073242,-0.9829712,0.06121826,0.0,-1.046875,0.34375,Respeck,Sitting,0,s1893835,Good data (sargem),Respeck_s1893835_Sitting_29-09-2021_10-53-30
1632909204803,-0.24316406,-0.9631958,0.073913574,2.890625,0.234375,0.703125,Respeck,Sitting,0,s1893835,Good data (sargem),Respeck_s1893835_Sitting_29-09-2021_10-53-30
1632909204848,-0.25341797,-0.98687744,0.054870605,0.53125,-0.03125,0.828125,Respeck,Sitting,0,s1893835,Good data (sargem),Respeck_s1893835_Sitting_29-09-2021_10-53-30
1632909204892,-0.24926758,-0.9663696,0.074157715,1.6875,0.65625,1.03125,Respeck,Sitting,0,s1893835,Good data (sargem),Respeck_s1893835_Sitting_29-09-2021_10-53-30
1632909204922,-0.25048828,-0.98883057,0.07171631,-0.25,2.015625,-0.0625,Respeck,Sitting,0,s1893835,Good data (sargem),Respeck_s1893835_Sitting_29-09-2021_10-53-30
1632909204967,-0.2368164,-0.9768677,0.061706543,-0.625,1.9375,0.25,Respeck,Sitting,0,s1893835,Good data (sargem),Respeck_s1893835_Sitting_29-09-2021_10-53-30
1632909204997,-0.23510742,-0.9661255,0.06903076,0.125,1.25,-0.21875,Respeck,Sitting,0,s1893835,Good data (sargem),Respeck_s1893835_Sitting_29-09-2021_10-53-30
